25;0;255;64;
4
(-70,0,-70)
(70,0,-70)
(70,0,70)
(-70,0,70)
;255;255;255;
4
(-100,0,100)
(-100,-20,100)
(-100,-20,-100)
(-100,0,-100)
;0;0;0;
0
;255;255;255;
4
(-100,0,-100)
(-100,-20,-100)
(100,-20,-100)
(100,0,-100)
;255;255;255;
4
(100,0,-100)
(100,-20,-100)
(100,-20,100)
(100,0,100)
;255;255;255;
4
(100,0,100)
(100,-20,100)
(-100,-20,100)
(-100,0,100)
;128;128;128;
4
(-100,-20,100)
(-80,-40,80)
(80,-40,80)
(100,-20,100)
;192;192;192;
4
(80,-40,80)
(80,-40,-80)
(100,-20,-100)
(100,-20,100)
;128;128;128;
4
(100,-20,-100)
(80,-40,-80)
(-80,-40,-80)
(-100,-20,-100)
;192;192;192;
5
(-100,-20,-100)
(-80,-20,-80)
(-80,-40,-80)
(-80,-40,80)
(-100,-20,100)
;0;204;0;
4
(-70,0,70)
(-70,-50,70)
(70,-50,70)
(70,0,70)
;64;128;128;
4
(70,0,70)
(70,0,-70)
(70,-50,-70)
(70,-50,70)
;95;206;57;
4
(70,-50,-70)
(70,0,-70)
(-70,0,-70)
(-70,-50,-70)
;64;128;128;
4
(-70,-50,-70)
(-70,0,-70)
(-70,0,70)
(-70,-50,70)
;0;0;0;
0
;255;0;128;
4
(-50,-50,50)
(50,-50,50)
(50,-50,-50)
(-50,-50,-50)
;128;0;255;
4
(-50,-50,-50)
(-40,-60,-40)
(40,-60,-40)
(50,-50,-50)
;128;128;255;
4
(50,-50,-50)
(50,-50,50)
(40,-60,40)
(40,-60,-40)
;0;128;255;
4
(-40,-60,-40)
(-50,-50,-50)
(-50,-50,50)
(-40,-60,40)
;128;0;255;
4
(-40,-60,40)
(40,-60,40)
(50,-50,50)
(-50,-50,50)
;0;64;128;
4
(-40,-60,40)
(40,-60,40)
(40,-60,-40)
(-40,-60,-40)
;192;192;192;
3
(-10,-60,-10)
(10,-60,-10)
(0,-100,0)
;255;255;255;
3
(0,-100,0)
(10,-60,-10)
(10,-60,10)
;192;192;192;
3
(10,-60,10)
(-10,-60,10)
(0,-100,0)
;255;255;255;
3
(0,-100,0)
(-10,-60,-10)
(-10,-60,10)
