596;190;35;41;
3
(0.000000,0.000000,0.000000)
(-0.000100,13.340400,48.187500)
(49.947950,0.608500,2.198100)
108;225;132;
3
(-49.876100,-3.499900,0.357700)
(37.746850,32.784400,-0.597900)
(-0.000100,13.340400,48.187500)
82;174;214;
3
(0.000050,-49.983300,-1.292900)
(-49.498950,5.785800,-4.047150)
(0.000000,49.646750,-5.932800)
241;73;144;
3
(49.899550,-0.905400,3.035950)
(-0.000050,-47.230750,16.408950)
(-37.686150,32.731650,-2.897600)
233;187;241;
3
(-0.000050,-44.448050,22.899200)
(-38.853700,31.466350,-0.507350)
(49.909350,-0.153500,3.005300)
166;179;235;
3
(49.901850,-0.138650,3.128450)
(-49.918200,-0.504650,2.814150)
(-49.947950,0.608500,2.197800)
135;60;219;
3
(0.011800,-47.371150,15.999250)
(-49.901850,-0.138700,3.128150)
(37.686150,32.731650,-2.897400)
153;62;12;
3
(39.009700,31.199050,-2.205100)
(0.000000,49.992200,0.881600)
(0.000000,49.991250,-0.935550)
13;94;36;
3
(0.000000,49.991250,-0.935550)
(0.000100,0.001550,-50.000000)
(49.852650,-0.528900,-3.799050)
183;6;28;
3
(-0.000100,13.340400,48.187500)
(-49.820750,3.969700,1.461350)
(-37.746850,32.784400,-0.598100)
179;222;71;
3
(0.000100,0.001550,-50.000000)
(-41.102250,28.353350,2.587050)
(-0.000050,46.942650,17.215850)
200;77;18;
3
(0.011800,-47.371150,15.999250)
(-0.000050,46.942650,17.215850)
(37.146050,32.262600,8.904800)
139;187;67;
3
(-38.853700,31.466350,-0.507350)
(40.540950,29.043350,3.594000)
(-0.000050,46.942650,17.215850)
3;31;166;
3
(-0.000050,-47.230750,16.408950)
(49.899550,-0.905400,3.035950)
(49.997000,-0.214900,0.505500)
9;125;90;
3
(49.906700,-2.974750,0.687050)
(-37.746850,32.784400,-0.598100)
(-49.924700,-0.184350,2.737200)
31;37;56;
3
(-49.898800,3.001650,-1.047400)
(49.872450,-3.552950,0.336000)
(-49.627850,-4.817300,3.724600)
203;212;93;
3
(-0.000150,-1.591550,49.974650)
(-50.000000,0.000000,-0.000150)
(0.000000,49.778050,-4.705750)
245;150;252;
3
(-49.996150,-0.187600,0.593200)
(-0.000050,46.942650,17.215850)
(49.898750,3.003000,-1.047350)
19;59;69;
3
(49.498950,5.785750,-4.046850)
(49.631200,-4.692350,3.837300)
(-49.631250,-4.692300,3.837050)
10;137;13;
3
(49.997000,-0.214900,0.505500)
(49.923550,-0.478400,-2.721900)
(42.439450,26.436500,-0.074950)
174;219;28;
3
(0.015950,-49.940050,2.447300)
(-37.746850,32.784400,-0.598100)
(-49.627850,-4.817300,3.724600)
154;32;50;
3
(0.023300,-49.601350,6.301100)
(-49.990200,-0.599350,-0.787000)
(-41.177500,27.964950,-4.730250)
64;238;80;
3
(0.000000,49.646750,-5.932800)
(41.177550,27.964950,-4.730000)
(-41.181950,27.968000,-4.673150)
253;54;120;
3
(41.177550,27.964950,-4.730000)
(0.000000,49.646750,-5.932800)
(41.182000,27.967950,-4.672950)
50;73;18;
3
(49.849800,0.000100,-3.872950)
(49.923550,-0.478400,-2.721900)
(0.000050,-49.907500,-3.040100)
125;158;246;
3
(0.000050,-49.907500,-3.040100)
(0.023300,-49.601350,6.301100)
(-49.884600,-0.593850,-3.342400)
173;220;73;
3
(49.892150,3.205900,-0.703450)
(0.000100,0.001550,-50.000000)
(49.894900,3.064900,-1.051700)
242;20;79;
3
(0.000000,49.778050,-4.705750)
(-50.000000,0.000000,-0.000150)
(0.000000,49.740750,-5.085250)
102;64;68;
3
(-49.894900,3.064950,-1.051950)
(49.876050,-3.500000,0.357950)
(49.627800,-4.817350,3.724850)
196;107;208;
3
(-49.852200,-0.743550,-3.769200)
(0.000000,49.704800,-5.425000)
(-49.892200,3.205350,-0.704250)
50;183;48;
3
(0.000000,49.704800,-5.425000)
(43.658200,24.330750,-1.406600)
(-5.470550,45.023550,-21.046450)
34;161;59;
3
(-4.661600,47.468650,14.999950)
(41.861400,27.149750,-3.242400)
(-0.000100,0.000000,50.000000)
145;34;246;
3
(6.762650,43.388800,-23.909800)
(-4.376700,47.027300,16.409700)
(-49.779650,4.552250,-1.123100)
139;225;157;
3
(-6.157750,48.370000,-11.064650)
(43.344350,24.885950,-1.398800)
(-2.683400,44.353050,-22.926050)
176;218;31;
3
(3.361450,43.629500,-24.190200)
(7.393050,49.361150,2.969650)
(3.540400,41.938650,-26.992850)
2;153;202;
3
(0.000000,49.704850,-5.424700)
(-0.000050,48.099800,13.653100)
(-49.791850,4.408500,-1.155750)
157;114;185;
3
(0.000050,47.692700,-15.013500)
(0.000150,0.000000,-50.000000)
(-11.946000,47.840350,8.282050)
128;44;73;
3
(0.000150,0.000000,-50.000000)
(0.000050,45.055800,-21.678850)
(-49.257750,-6.711900,-5.350100)
153;197;126;
3
(7.460950,41.704450,-26.553250)
(-48.742150,-6.855200,-8.787000)
(-49.299200,-8.305100,0.785000)
128;233;213;
3
(-0.000100,0.000000,50.000000)
(44.482550,-5.018200,22.273750)
(-0.000050,49.494650,7.090750)
201;234;178;
3
(44.482550,-5.018200,22.273750)
(0.000150,0.000000,-50.000000)
(-0.000100,0.000000,50.000000)
191;83;204;
3
(0.000100,0.000000,-50.000000)
(0.000050,45.445350,-20.850000)
(-49.263600,-6.798250,-5.184750)
191;214;103;
3
(-48.740550,-7.035700,-8.651900)
(-0.000150,-1.591550,49.974650)
(-49.272550,-8.454000,0.864200)
126;214;20;
3
(-0.000150,-1.591550,49.974650)
(41.058150,-3.762100,28.285600)
(0.000000,49.609700,6.235150)
142;220;45;
3
(41.058150,-3.762100,28.285600)
(0.000100,25.268650,-43.145050)
(0.000100,25.268650,-43.145050)
239;131;102;
3
(-49.257750,-6.711900,-5.350100)
(0.000050,45.055800,-21.678850)
(0.000000,49.778050,-4.705750)
97;73;87;
3
(0.000100,25.268650,-43.145050)
(-0.000100,32.906200,37.645500)
(-0.000100,32.906200,37.645500)
143;105;255;
3
(-0.000100,32.906200,37.645500)
(-0.000050,49.494650,7.090750)
(50.000000,0.000000,0.000100)
209;205;97;
3
(50.000000,0.000000,0.000100)
(0.000100,25.692900,-42.893750)
(0.000100,25.692900,-42.893750)
156;157;30;
3
(-49.263600,-6.798250,-5.184750)
(0.000050,45.445350,-20.850000)
(0.000000,49.740750,-5.085250)
114;114;22;
3
(0.000100,25.692900,-42.893750)
(-0.000100,33.841050,36.807400)
(-0.000100,33.841050,36.807400)
240;29;230;
3
(-0.000100,33.841050,36.807400)
(0.000000,49.609700,6.235150)
(50.000000,0.000000,0.000150)
74;79;132;
3
(49.791850,4.408450,-1.155550)
(49.894900,3.064900,-1.051700)
(49.631200,-4.692350,3.837300)
215;2;119;
3
(42.650200,25.736200,-4.313650)
(43.344350,24.885950,-1.398800)
(50.000000,0.000000,0.000150)
44;57;232;
3
(7.393050,49.361150,2.969650)
(0.000000,49.777250,-4.714450)
(-21.642900,40.363600,20.059050)
201;203;83;
3
(-21.642900,40.363600,20.059050)
(0.023300,-49.601350,6.301100)
(49.876050,-3.500000,0.357950)
51;30;18;
3
(49.779450,4.554650,-1.123050)
(49.898750,3.003000,-1.047350)
(-49.872500,-3.552900,0.335750)
12;158;116;
3
(43.220400,24.761250,-4.344650)
(43.658200,24.330750,-1.406600)
(-41.891650,26.808500,-5.137650)
212;213;244;
3
(-0.000100,0.000000,50.000000)
(41.861400,27.149750,-3.242400)
(-49.779650,4.552250,-1.123100)
164;212;159;
3
(0.000000,49.876150,-3.517350)
(-14.473950,47.307950,-7.242900)
(49.872450,-3.552950,0.336000)
53;126;89;
3
(0.000000,49.494650,7.090800)
(0.000050,45.055800,-21.678850)
(-42.470100,25.816700,-5.458050)
34;50;207;
3
(0.000000,49.778050,-4.705750)
(0.000050,45.055800,-21.678850)
(0.000000,49.494650,7.090800)
207;204;244;
3
(0.000000,49.609700,6.235150)
(0.000050,45.445350,-20.850000)
(-49.750300,-4.968500,0.469550)
45;144;211;
3
(0.000000,49.740750,-5.085250)
(0.000050,45.445350,-20.850000)
(0.000000,49.609700,6.235150)
143;211;72;
3
(0.000000,49.609700,6.235150)
(-49.756750,-4.900600,0.500900)
(-43.344300,24.886000,-1.399100)
217;230;117;
3
(49.737750,-5.054250,0.781000)
(0.000000,49.609700,6.235150)
(50.000000,0.000000,0.000150)
229;42;29;
3
(-0.000050,49.494650,7.090750)
(50.000000,0.000000,0.000150)
(-43.658100,24.330850,-1.406850)
43;247;192;
3
(49.736400,-5.082250,0.679000)
(-0.000050,49.494650,7.090750)
(50.000000,0.000000,0.000100)
135;129;120;
3
(49.779450,4.554650,-1.123050)
(0.000100,0.001550,-50.000000)
(49.892150,3.205900,-0.703450)
95;14;68;
3
(43.220400,24.761250,-4.344650)
(50.000000,0.000000,0.000150)
(7.095450,39.991200,29.160900)
212;0;80;
3
(0.000000,49.494650,7.090800)
(3.456300,49.171600,8.378950)
(0.000150,0.000000,-50.000000)
190;141;97;
3
(-48.827350,-10.717400,1.013050)
(0.000000,49.494650,7.090800)
(0.000150,0.000000,-50.000000)
21;5;123;
3
(-49.898800,3.001650,-1.047400)
(-49.627850,-4.817300,3.724600)
(-37.746850,32.784400,-0.598100)
51;59;7;
3
(-50.000000,0.000000,-0.000100)
(0.000150,30.778000,-39.404500)
(-49.892200,3.205350,-0.704250)
24;31;130;
3
(-43.658100,24.330850,-1.406850)
(0.000150,30.778000,-39.404500)
(45.869550,-9.808200,-17.314250)
218;146;112;
3
(48.294600,-7.964100,-10.207950)
(49.492950,-6.171100,-3.516750)
(50.000000,0.000000,0.000100)
206;84;100;
3
(-49.894900,3.064950,-1.051950)
(49.627800,-4.817350,3.724850)
(-14.473950,47.307950,-7.242900)
62;133;177;
3
(50.000000,0.000000,0.000100)
(41.861400,27.149750,-3.242400)
(-4.661600,47.468650,14.999950)
248;21;105;
3
(-43.344300,24.886000,-1.399100)
(-11.506500,37.317300,-31.225300)
(46.007100,-10.098450,-16.774000)
4;106;70;
3
(48.301750,-8.151950,-10.024200)
(49.493250,-6.219300,-3.426050)
(50.000000,0.000000,0.000150)
14;115;150;
3
(49.791850,4.408450,-1.155550)
(41.177550,27.964950,-4.730000)
(0.000000,49.646750,-5.932800)
47;22;217;
3
(42.650200,25.736200,-4.313650)
(50.000000,0.000000,0.000150)
(-0.000100,31.643050,38.713250)
212;104;103;
3
(0.000000,49.609700,6.235150)
(-0.000100,31.643050,38.713250)
(0.000100,0.000000,-50.000000)
74;74;247;
3
(-48.781250,-10.915400,1.115850)
(0.000000,49.609700,6.235150)
(0.000100,0.000000,-50.000000)
104;87;208;
3
(-0.000050,-44.448050,22.899200)
(49.909350,-0.153500,3.005300)
(-0.000100,13.340400,48.187500)
22;250;118;
3
(-0.000050,46.942650,17.215850)
(-0.000050,-44.448050,22.899200)
(49.820600,3.971600,1.460500)
173;17;187;
3
(49.901850,-0.138650,3.128450)
(-49.947950,0.608500,2.197800)
(-50.000000,0.000000,-0.000150)
136;36;174;
3
(-37.746850,32.784400,-0.598100)
(49.901850,-0.138650,3.128450)
(-49.872800,-0.464900,3.533800)
82;254;121;
3
(49.820600,3.971600,1.460500)
(0.000000,49.740750,-5.085250)
(-0.000050,46.942650,17.215850)
67;37;219;
3
(49.820600,3.971600,1.460500)
(-49.872500,-3.552900,0.335750)
(0.000000,49.740750,-5.085250)
244;60;229;
3
(49.820600,3.971600,1.460500)
(0.000100,0.001550,-50.000000)
(-49.872500,-3.552900,0.335750)
216;211;69;
3
(49.498950,5.785750,-4.046850)
(0.000100,0.001550,-50.000000)
(49.820600,3.971600,1.460500)
11;206;40;
3
(49.498950,5.785750,-4.046850)
(-49.631250,-4.692300,3.837050)
(0.000100,0.001550,-50.000000)
96;197;245;
3
(49.631200,-4.692350,3.837300)
(49.498950,5.785750,-4.046850)
(41.177550,27.964950,-4.730000)
151;61;89;
3
(-49.924700,-0.184350,2.737200)
(-14.473950,47.307950,-7.242900)
(-49.906700,-2.974950,0.686600)
89;138;39;
3
(49.872450,-3.552950,0.336000)
(-49.924700,-0.184350,2.737200)
(-49.627850,-4.817300,3.724600)
208;45;118;
3
(-14.473950,47.307950,-7.242900)
(-49.924700,-0.184350,2.737200)
(49.872450,-3.552950,0.336000)
205;201;194;
3
(0.000050,-49.907500,-3.040100)
(49.627800,-4.817350,3.724850)
(49.876050,-3.500000,0.357950)
73;212;104;
3
(49.627800,-4.817350,3.724850)
(0.000050,-49.907500,-3.040100)
(-14.473950,47.307950,-7.242900)
37;121;106;
3
(0.000050,-49.907500,-3.040100)
(49.876050,-3.500000,0.357950)
(0.023300,-49.601350,6.301100)
64;97;8;
3
(0.000000,49.646750,-5.932800)
(41.177550,27.964950,-4.730000)
(49.498950,5.785750,-4.046850)
59;177;20;
3
(-49.999450,-0.014950,-0.235550)
(0.023300,-49.601350,6.301100)
(-49.849750,0.000100,-3.873200)
17;165;106;
3
(37.146050,32.262600,8.904800)
(37.686150,32.731650,-2.897400)
(-0.000050,46.942650,17.215850)
140;193;40;
3
(-49.820750,3.969700,1.461350)
(-0.000100,13.340400,48.187500)
(37.746850,32.784400,-0.597900)
11;169;214;
3
(49.898750,3.003000,-1.047350)
(-0.000050,46.942650,17.215850)
(0.000000,49.740750,-5.085250)
140;151;135;
3
(-49.872500,-3.552900,0.335750)
(49.898750,3.003000,-1.047350)
(0.000000,49.740750,-5.085250)
21;241;47;
3
(-49.898800,3.001650,-1.047400)
(-37.746850,32.784400,-0.598100)
(-49.820750,3.969700,1.461350)
149;154;29;
3
(49.872450,-3.552950,0.336000)
(-49.898800,3.001650,-1.047400)
(-49.849750,0.000100,-3.873200)
225;155;193;
3
(-14.473950,47.307950,-7.242900)
(0.000000,49.876150,-3.517350)
(-44.659400,22.400400,-1.939150)
233;126;192;
3
(-49.894900,3.064950,-1.051950)
(-14.473950,47.307950,-7.242900)
(-41.586900,26.972050,-6.560300)
167;154;168;
3
(49.876050,-3.500000,0.357950)
(-49.894900,3.064950,-1.051950)
(-41.949550,27.207000,0.117100)
181;194;134;
3
(0.000100,0.001550,-50.000000)
(49.779450,4.554650,-1.123050)
(-49.872500,-3.552900,0.335750)
154;191;84;
3
(49.894900,3.064900,-1.051700)
(0.000100,0.001550,-50.000000)
(-49.631250,-4.692300,3.837050)
35;217;231;
3
(49.631200,-4.692350,3.837300)
(49.894900,3.064900,-1.051700)
(-49.631250,-4.692300,3.837050)
144;85;209;
3
(41.177550,27.964950,-4.730000)
(49.791850,4.408450,-1.155550)
(49.631200,-4.692350,3.837300)
209;40;56;
3
(0.023300,-49.601350,6.301100)
(-21.642900,40.363600,20.059050)
(-49.990200,-0.599350,-0.787000)
161;108;217;
3
(-4.661600,47.468650,14.999950)
(7.095450,39.991200,29.160900)
(-2.683400,44.353050,-22.926050)
78;94;102;
3
(7.095450,39.991200,29.160900)
(-4.661600,47.468650,14.999950)
(-0.000100,0.000000,50.000000)
156;48;225;
3
(-2.683400,44.353050,-22.926050)
(7.095450,39.991200,29.160900)
(-44.126150,23.374950,-2.548800)
113;217;254;
3
(-49.892200,3.205350,-0.704250)
(6.762650,43.388800,-23.909800)
(10.284550,39.346500,-29.087500)
165;226;159;
3
(-4.376700,47.027300,16.409700)
(6.762650,43.388800,-23.909800)
(-19.280400,37.677500,-26.620900)
155;12;226;
3
(0.000000,49.704800,-5.425000)
(-5.470550,45.023550,-21.046450)
(0.000000,49.876150,-3.517350)
101;71;180;
3
(43.220400,24.761250,-4.344650)
(0.000000,49.704800,-5.425000)
(19.280550,37.677500,-26.620800)
70;42;56;
3
(-0.000100,0.000000,50.000000)
(-49.779650,4.552250,-1.123100)
(-4.376700,47.027300,16.409700)
130;169;137;
3
(7.095450,39.991200,29.160900)
(50.000000,0.000000,0.000150)
(0.000000,49.876150,-3.517350)
118;122;121;
3
(-6.157750,48.370000,-11.064650)
(-2.683400,44.353050,-22.926050)
(-44.126150,23.374950,-2.548800)
99;194;120;
3
(42.650200,25.736200,-4.313650)
(-6.157750,48.370000,-11.064650)
(15.042650,41.927400,22.711500)
223;38;177;
3
(3.540400,41.938650,-26.992850)
(0.000000,49.777250,-4.714450)
(21.642800,40.363600,20.059150)
109;41;218;
3
(0.000000,49.704850,-5.424700)
(-4.661600,47.468650,14.999950)
(21.642800,40.363600,20.059150)
224;98;62;
3
(-0.000050,48.099800,13.653100)
(0.000000,49.704850,-5.424700)
(0.000150,32.623100,-37.891100)
52;18;150;
3
(0.000000,49.777250,-4.714450)
(-49.791850,4.408500,-1.155750)
(-0.000050,48.099800,13.653100)
166;57;191;
3
(-0.000100,13.340400,48.187500)
(0.000000,0.000000,0.000000)
(-0.000100,31.643050,38.713300)
94;137;63;
3
(39.009700,31.199050,-2.205100)
(-0.000100,13.340400,48.187500)
(0.000000,49.991250,-0.935550)
14;109;241;
3
(-41.102250,28.353350,2.587050)
(39.009700,31.199050,-2.205100)
(0.000000,49.991250,-0.935550)
40;108;227;
3
(-49.892200,3.205350,-0.704250)
(0.000000,49.704800,-5.425000)
(-5.470550,45.023550,-21.046450)
32;30;161;
3
(0.000150,0.000000,-50.000000)
(0.000050,47.692700,-15.013500)
(-0.000050,46.942650,17.215850)
194;203;29;
3
(0.000100,25.268650,-43.145050)
(0.000150,0.000000,-50.000000)
(0.000100,25.268650,-43.145050)
65;63;3;
3
(-50.000000,0.000000,-0.000150)
(-0.000150,-1.591550,49.974650)
(0.000100,25.268650,-43.145050)
15;132;7;
3
(0.000100,25.268650,-43.145050)
(-0.000100,32.906200,37.645500)
(0.000000,49.778050,-4.705750)
101;5;20;
3
(7.460950,41.704450,-26.553250)
(-49.299200,-8.305100,0.785000)
(-0.000100,32.906200,37.645500)
97;40;27;
3
(0.000150,0.000000,-50.000000)
(44.482550,-5.018200,22.273750)
(-0.000150,0.000000,50.000000)
231;197;201;
3
(0.000100,25.692900,-42.893750)
(0.000100,0.000000,-50.000000)
(0.000100,25.692900,-42.893750)
70;142;44;
3
(-50.000000,0.000000,-0.000150)
(0.000000,49.778050,-4.705750)
(0.000100,25.692900,-42.893750)
220;8;54;
3
(0.000100,25.692900,-42.893750)
(-0.000100,33.841050,36.807400)
(0.000000,49.740750,-5.085250)
141;168;243;
3
(-48.740550,-7.035700,-8.651900)
(-49.272550,-8.454000,0.864200)
(-0.000100,33.841050,36.807400)
242;190;254;
3
(3.361450,43.629500,-24.190200)
(3.540400,41.938650,-26.992850)
(-0.000150,-1.591550,49.974650)
255;113;235;
3
(0.000000,49.646750,-5.932800)
(-49.498950,5.785800,-4.047150)
(0.000000,49.704850,-5.424700)
59;208;160;
3
(49.852650,-0.528900,-3.799050)
(0.000100,0.001550,-50.000000)
(0.000000,49.646750,-5.932800)
140;6;117;
3
(42.439450,26.436500,-0.074950)
(0.000050,-49.907500,-3.040100)
(0.000100,0.001550,-50.000000)
120;135;126;
3
(49.997000,-0.214900,0.505500)
(42.439450,26.436500,-0.074950)
(0.000000,-49.907500,-3.040100)
208;77;115;
3
(-0.000050,-47.230750,16.408950)
(49.997000,-0.214900,0.505500)
(0.045600,-49.760000,4.893150)
190;130;190;
3
(-37.686150,32.731650,-2.897600)
(-0.000050,-47.230750,16.408950)
(0.045150,-49.275250,8.482100)
70;194;219;
3
(0.000150,0.000000,-50.000000)
(-49.257750,-6.711900,-5.350100)
(-0.000050,-44.448050,22.899200)
140;43;65;
3
(0.000000,49.494650,7.090800)
(0.000150,0.000000,-50.000000)
(-45.869450,-9.808150,-17.314550)
127;48;250;
3
(-49.736400,-5.082150,0.678700)
(0.000000,49.494650,7.090800)
(-44.482650,-5.018100,22.273550)
167;240;112;
3
(0.000100,0.000000,-50.000000)
(-49.263600,-6.798250,-5.184750)
(-44.482650,-5.018100,22.273550)
50;134;84;
3
(0.000000,49.609700,6.235150)
(0.000100,0.000000,-50.000000)
(-46.007050,-10.098350,-16.774300)
91;170;149;
3
(-49.737750,-5.054150,0.780700)
(0.000000,49.609700,6.235150)
(-41.058250,-3.762050,28.285450)
11;19;104;
3
(-43.658100,24.330850,-1.406850)
(45.869550,-9.808200,-17.314250)
(49.492950,-6.171100,-3.516750)
245;252;230;
3
(-0.000050,49.494650,7.090750)
(-43.658100,24.330850,-1.406850)
(49.492950,-6.171100,-3.516750)
125;190;202;
3
(-41.058250,-3.762050,28.285450)
(-0.000050,49.494650,7.090750)
(48.827350,-10.717500,1.013300)
138;137;159;
3
(-43.344300,24.886000,-1.399100)
(46.007100,-10.098450,-16.774000)
(49.493250,-6.219300,-3.426050)
253;27;65;
3
(0.000000,49.609700,6.235150)
(-43.344300,24.886000,-1.399100)
(49.493250,-6.219300,-3.426050)
104;79;184;
3
(48.827350,-10.717500,1.013300)
(0.000000,49.609700,6.235150)
(48.781200,-10.915450,1.116100)
123;114;246;
3
(50.000000,0.000000,0.000150)
(0.000000,49.609700,6.235150)
(49.493250,-6.219300,-3.426050)
205;153;20;
3
(50.000000,0.000000,0.000100)
(-0.000050,49.494650,7.090750)
(49.492950,-6.171100,-3.516750)
240;13;211;
3
(0.000000,49.778050,-4.705750)
(0.000000,49.494650,7.090800)
(48.781200,-10.915450,1.116100)
180;58;68;
3
(0.000000,49.740750,-5.085250)
(0.000000,49.609700,6.235150)
(-50.000000,0.000000,-0.000100)
83;102;166;
3
(-50.000000,0.000000,-0.000150)
(-0.000100,-3.405600,49.883900)
(-0.000100,-3.405600,49.883900)
203;11;51;
3
(-0.000100,-3.405600,49.883900)
(-50.000000,0.000000,-0.000150)
(-0.000100,-3.405600,49.883900)
94;16;161;
3
(-0.000100,-3.405600,49.883900)
(0.000000,-49.837200,4.031350)
(0.000100,3.738450,-49.860050)
3;236;76;
3
(0.000000,-49.837200,4.031350)
(-0.000100,-3.405600,49.883900)
(0.000000,-49.837200,4.031350)
230;115;76;
3
(0.000000,-49.837200,4.031350)
(0.000100,3.789100,-49.856200)
(0.000000,-49.837200,4.031350)
49;180;5;
3
(0.000100,3.789100,-49.856200)
(0.000000,-49.837200,4.031350)
(0.000100,3.789100,-49.856200)
173;170;14;
3
(0.000100,3.789100,-49.856200)
(0.000000,49.536100,-6.795300)
(0.000000,49.536100,-6.795300)
176;213;207;
3
(0.000000,49.536100,-6.795300)
(0.000000,49.536100,-6.795300)
(0.000000,49.536100,-6.795300)
255;39;202;
3
(0.000000,49.536100,-6.795300)
(50.000000,0.000000,0.000150)
(50.000000,0.000000,0.000150)
20;157;216;
3
(50.000000,0.000000,0.000150)
(50.000000,0.000000,0.000200)
(50.000000,0.000000,0.000200)
121;244;77;
3
(50.000000,0.000000,0.000200)
(-50.000000,0.000000,-0.000150)
(-50.000000,0.000000,-0.000150)
66;89;39;
3
(-50.000000,0.000000,-0.000150)
(-50.000000,0.000000,-0.000200)
(-50.000000,0.000000,-0.000200)
193;156;124;
3
(0.000100,3.789100,-49.856200)
(-0.000150,-3.412050,49.883450)
(-0.000150,-3.412050,49.883450)
140;205;248;
3
(-0.000150,-3.412050,49.883450)
(0.000100,3.789100,-49.856200)
(-0.000150,-3.412050,49.883450)
35;32;135;
3
(-0.000150,-3.412050,49.883450)
(0.000000,-49.614000,6.201050)
(-50.000000,0.000000,-0.000200)
166;184;100;
3
(0.000000,-49.614000,6.201050)
(-0.000150,-3.412050,49.883450)
(0.000000,-49.614000,6.201050)
76;149;135;
3
(0.000000,-49.614000,6.201050)
(0.000150,3.738400,-49.860050)
(0.000000,-49.614000,6.201050)
141;90;176;
3
(0.000150,3.738400,-49.860050)
(0.000000,-49.614000,6.201050)
(0.000150,3.738400,-49.860050)
153;45;78;
3
(0.000150,3.738400,-49.860050)
(0.000000,49.647150,-5.929550)
(0.000000,49.647150,-5.929550)
177;61;231;
3
(0.000000,49.647150,-5.929550)
(0.000000,49.647150,-5.929550)
(0.000000,49.647150,-5.929550)
177;222;96;
3
(0.000000,49.647150,-5.929550)
(50.000000,0.000000,0.000150)
(50.000000,0.000000,0.000150)
8;173;128;
3
(50.000000,0.000000,0.000150)
(50.000000,0.000000,0.000200)
(50.000000,0.000000,0.000200)
103;233;65;
3
(50.000000,0.000000,0.000200)
(-50.000000,0.000000,-0.000150)
(-50.000000,0.000000,-0.000150)
213;165;65;
3
(-50.000000,0.000000,-0.000150)
(-50.000000,0.000000,-0.000200)
(-50.000000,0.000000,-0.000200)
24;228;159;
3
(0.000150,3.738400,-49.860050)
(-0.000200,-3.405600,49.883900)
(-0.000200,-3.405600,49.883900)
66;21;159;
3
(-0.000200,-3.405600,49.883900)
(0.000150,3.738400,-49.860050)
(-0.000200,-3.405600,49.883900)
254;38;0;
3
(-0.000200,-3.405600,49.883900)
(0.000000,-49.837200,4.031350)
(-50.000000,0.000000,-0.000200)
33;209;76;
3
(0.000000,-49.837200,4.031350)
(-0.000200,-3.405600,49.883900)
(0.000000,-49.837200,4.031350)
47;147;4;
3
(0.000000,-49.837200,4.031350)
(0.000200,3.789100,-49.856200)
(0.000000,-49.837200,4.031350)
115;143;179;
3
(0.000200,3.789100,-49.856200)
(0.000000,-49.837200,4.031350)
(0.000200,3.789100,-49.856200)
67;64;83;
3
(0.000200,3.789100,-49.856200)
(0.000050,49.536100,-6.795300)
(0.000050,49.536100,-6.795300)
126;175;138;
3
(0.000050,49.536100,-6.795300)
(0.000050,49.536100,-6.795300)
(0.000050,49.536100,-6.795300)
213;111;202;
3
(0.000050,49.536100,-6.795300)
(50.000000,0.000000,0.000150)
(50.000000,0.000000,0.000150)
161;211;207;
3
(50.000000,0.000000,0.000150)
(50.000000,0.000000,0.000100)
(50.000000,0.000000,0.000100)
90;206;149;
3
(50.000000,0.000000,0.000100)
(-50.000000,0.000000,-0.000150)
(-50.000000,0.000000,-0.000150)
39;101;190;
3
(-50.000000,0.000000,-0.000150)
(-50.000000,0.000000,-0.000100)
(-50.000000,0.000000,-0.000100)
7;246;42;
3
(0.000200,3.789100,-49.856200)
(-0.000150,-3.412050,49.883450)
(-0.000150,-3.412050,49.883450)
190;161;173;
3
(-0.000150,-3.412050,49.883450)
(0.000200,3.789100,-49.856200)
(-0.000150,-3.412050,49.883450)
180;166;101;
3
(-0.000150,-3.412050,49.883450)
(0.000000,-49.614000,6.201050)
(-50.000000,0.000000,-0.000100)
105;192;201;
3
(0.000000,-49.614000,6.201050)
(-0.000150,-3.412050,49.883450)
(0.000000,-49.614000,6.201050)
9;52;50;
3
(0.000000,-49.614000,6.201050)
(0.000150,3.738400,-49.860050)
(0.000000,-49.614000,6.201050)
1;77;44;
3
(0.000150,3.738400,-49.860050)
(0.000000,-49.614000,6.201050)
(0.000150,3.738400,-49.860050)
86;23;143;
3
(0.000150,3.738400,-49.860050)
(0.000000,49.647150,-5.929550)
(0.000000,49.647150,-5.929550)
157;219;198;
3
(0.000000,49.647150,-5.929550)
(0.000000,49.647150,-5.929550)
(0.000000,49.647150,-5.929550)
216;166;200;
3
(0.000000,49.647150,-5.929550)
(50.000000,0.000000,0.000150)
(50.000000,0.000000,0.000150)
129;136;11;
3
(50.000000,0.000000,0.000150)
(50.000000,0.000000,0.000150)
(50.000000,0.000000,0.000150)
107;97;56;
3
(50.000000,0.000000,0.000150)
(-50.000000,0.000000,-0.000150)
(-50.000000,0.000000,-0.000150)
98;18;104;
3
(-50.000000,0.000000,-0.000150)
(-50.000000,0.000000,-0.000150)
(-50.000000,0.000000,-0.000150)
208;84;249;
3
(0.000150,3.738400,-49.860050)
(-0.000200,-3.405600,49.883900)
(-0.000200,-3.405600,49.883900)
23;113;231;
3
(-0.000200,-3.405600,49.883900)
(0.000150,3.738400,-49.860050)
(-0.000200,-3.405600,49.883900)
13;120;72;
3
(-0.000200,-3.405600,49.883900)
(0.000000,-49.837200,4.031350)
(-50.000000,0.000000,-0.000150)
29;41;146;
3
(0.000000,-49.837200,4.031350)
(-0.000200,-3.405600,49.883900)
(0.000000,-49.837200,4.031350)
153;41;134;
3
(0.000000,-49.837200,4.031350)
(0.000200,3.789100,-49.856200)
(0.000000,-49.837200,4.031350)
116;219;114;
3
(0.000200,3.789100,-49.856200)
(0.000000,-49.837200,4.031350)
(0.000200,3.789100,-49.856200)
79;250;28;
3
(0.000200,3.789100,-49.856200)
(0.000050,49.536100,-6.795300)
(0.000050,49.536100,-6.795300)
181;184;55;
3
(0.000050,49.536100,-6.795300)
(0.000050,49.536100,-6.795300)
(0.000050,49.536100,-6.795300)
87;149;176;
3
(0.000050,49.536100,-6.795300)
(50.000000,0.000000,0.000150)
(50.000000,0.000000,0.000150)
128;223;245;
3
(50.000000,0.000000,0.000150)
(50.000000,0.000000,0.000100)
(50.000000,0.000000,0.000100)
141;109;108;
3
(50.000000,0.000000,0.000100)
(-50.000000,0.000000,-0.000150)
(-50.000000,0.000000,-0.000150)
139;217;116;
3
(-50.000000,0.000000,-0.000150)
(-50.000000,0.000000,-0.000100)
(-50.000000,0.000000,-0.000100)
17;101;67;
3
(0.000200,3.789100,-49.856200)
(-0.000150,-3.412050,49.883450)
(-0.000150,-3.412050,49.883450)
246;165;8;
3
(-0.000150,-3.412050,49.883450)
(0.000200,3.789100,-49.856200)
(-0.000150,-3.412050,49.883450)
247;189;121;
3
(-0.000150,-3.412050,49.883450)
(0.000000,-49.614050,6.200700)
(-50.000000,0.000000,-0.000100)
184;21;235;
3
(0.000000,-49.614050,6.200700)
(-0.000150,-3.412050,49.883450)
(0.000000,-49.614050,6.200700)
96;225;224;
3
(0.000000,-49.614050,6.200700)
(0.000150,3.738450,-49.860050)
(0.000000,-49.614050,6.200700)
60;110;143;
3
(0.000150,3.738450,-49.860050)
(0.000000,-49.614050,6.200700)
(0.000150,3.738450,-49.860050)
91;244;123;
3
(0.000150,3.738450,-49.860050)
(0.000000,49.647150,-5.929550)
(0.000000,49.647150,-5.929550)
138;138;98;
3
(0.000000,49.647150,-5.929550)
(0.000000,49.647150,-5.929550)
(0.000000,49.647150,-5.929550)
92;39;143;
3
(0.000000,49.647150,-5.929550)
(50.000000,0.000000,0.000150)
(50.000000,0.000000,0.000150)
135;229;247;
3
(50.000000,0.000000,0.000150)
(50.000000,0.000000,0.000150)
(50.000000,0.000000,0.000150)
50;59;74;
3
(50.000000,0.000000,0.000150)
(-50.000000,0.000000,-0.000150)
(-50.000000,0.000000,-0.000150)
64;97;155;
3
(-50.000000,0.000000,-0.000150)
(-50.000000,0.000000,-0.000150)
(-50.000000,0.000000,-0.000150)
195;198;132;
3
(0.000150,3.738450,-49.860050)
(-0.000200,-3.405600,49.883900)
(-0.000200,-3.405600,49.883900)
48;167;177;
3
(-0.000200,-3.405600,49.883900)
(0.000150,3.738450,-49.860050)
(-0.000200,-3.405600,49.883900)
238;16;74;
3
(-0.000200,-3.405600,49.883900)
(0.000000,-49.837200,4.031350)
(-50.000000,0.000000,-0.000150)
3;111;117;
3
(0.000000,-49.837200,4.031350)
(-0.000200,-3.405600,49.883900)
(0.000000,-49.837200,4.031350)
106;158;47;
3
(0.000000,-49.837200,4.031350)
(0.000200,3.789100,-49.856200)
(0.000000,-49.837200,4.031350)
80;16;239;
3
(0.000200,3.789100,-49.856200)
(0.000000,-49.837200,4.031350)
(0.000200,3.789100,-49.856200)
129;200;155;
3
(0.000200,3.789100,-49.856200)
(0.000050,49.536100,-6.795300)
(0.000050,49.536100,-6.795300)
40;41;67;
3
(0.000050,49.536100,-6.795300)
(0.000050,49.536100,-6.795300)
(0.000050,49.536100,-6.795300)
233;246;138;
3
(0.000050,49.536100,-6.795300)
(50.000000,0.000000,0.000150)
(50.000000,0.000000,0.000150)
161;71;158;
3
(50.000000,0.000000,0.000150)
(50.000000,0.000000,0.000200)
(50.000000,0.000000,0.000200)
49;72;129;
3
(50.000000,0.000000,0.000200)
(-50.000000,0.000000,-0.000150)
(-50.000000,0.000000,-0.000150)
164;205;108;
3
(-50.000000,0.000000,-0.000150)
(-50.000000,0.000000,-0.000200)
(-50.000000,0.000000,-0.000200)
129;222;158;
3
(0.000200,3.789100,-49.856200)
(-0.000100,-3.412050,49.883450)
(-0.000100,-3.412050,49.883450)
152;140;163;
3
(-0.000100,-3.412050,49.883450)
(0.000200,3.789100,-49.856200)
(-0.000100,-3.412050,49.883450)
154;255;16;
3
(-0.000100,-3.412050,49.883450)
(0.000000,-49.614050,6.200700)
(-50.000000,0.000000,-0.000200)
207;205;67;
3
(0.000000,-49.614050,6.200700)
(-0.000100,-3.412050,49.883450)
(0.000000,-49.614050,6.200700)
80;199;87;
3
(0.000000,-49.614050,6.200700)
(0.000100,3.738450,-49.860050)
(0.000000,-49.614050,6.200700)
189;191;89;
3
(0.000100,3.738450,-49.860050)
(0.000000,-49.614050,6.200700)
(0.000100,3.738450,-49.860050)
3;39;28;
3
(0.000100,3.738450,-49.860050)
(0.000000,49.647150,-5.929550)
(0.000000,49.647150,-5.929550)
93;127;40;
3
(0.000000,49.647150,-5.929550)
(0.000000,49.647150,-5.929550)
(0.000000,49.647150,-5.929550)
185;95;137;
3
(0.000000,49.647150,-5.929550)
(50.000000,0.000000,0.000150)
(50.000000,0.000000,0.000150)
78;52;73;
3
(50.000000,0.000000,0.000150)
(50.000000,0.000000,0.000200)
(50.000000,0.000000,0.000200)
229;60;96;
3
(50.000000,0.000000,0.000200)
(-50.000000,0.000000,-0.000150)
(-50.000000,0.000000,-0.000150)
152;2;222;
3
(-50.000000,0.000000,-0.000150)
(-50.000000,0.000000,-0.000200)
(-50.000000,0.000000,-0.000200)
13;178;66;
3
(-50.000000,0.000000,-0.000200)
(-0.597300,-0.718350,-49.991250)
(-0.597300,-0.718350,-49.991250)
20;182;43;
3
(-0.597300,-0.718350,-49.991250)
(34.585850,-2.829050,-35.997400)
(-0.597300,-0.718350,-49.991250)
184;187;236;
3
(-0.597300,-0.718350,-49.991250)
(46.378050,-0.268750,-18.681650)
(-0.597300,-0.718350,-49.991250)
226;115;47;
3
(46.378050,-0.268750,-18.681650)
(46.378000,-0.268450,-18.681800)
(46.378000,-0.268450,-18.681800)
125;126;81;
3
(46.378050,-0.268750,-18.681650)
(48.876050,-0.151250,-10.540750)
(46.378000,-0.268450,-18.681800)
132;216;29;
3
(48.876050,-0.151250,-10.540750)
(48.876100,-0.151650,-10.540700)
(48.876100,-0.151650,-10.540700)
1;31;211;
3
(48.876050,-0.151250,-10.540750)
(46.623250,0.259500,18.061100)
(48.876100,-0.151650,-10.540700)
107;80;190;
3
(46.623250,0.259500,18.061100)
(46.623250,0.259150,18.061150)
(46.623250,0.259150,18.061150)
67;214;22;
3
(46.623250,0.259500,18.061100)
(0.179800,0.727000,49.994400)
(46.623250,0.259150,18.061150)
25;131;33;
3
(0.179800,0.727000,49.994400)
(0.179700,0.718250,49.994500)
(0.179700,0.718250,49.994500)
152;24;21;
3
(0.179800,0.727000,49.994400)
(-0.182300,0.718250,49.994500)
(0.179700,0.718250,49.994500)
46;44;43;
3
(-0.182300,0.718250,49.994500)
(-0.182150,0.727000,49.994400)
(-0.182150,0.727000,49.994400)
14;249;139;
3
(-0.182300,0.718250,49.994500)
(-47.091650,0.241750,16.802250)
(-0.182150,0.727000,49.994400)
240;188;220;
3
(-47.091650,0.241750,16.802250)
(-47.091700,0.241400,16.802250)
(-47.091700,0.241400,16.802250)
61;14;202;
3
(-47.091650,0.241750,16.802250)
(-49.758450,-0.070600,-4.908150)
(-47.091700,0.241400,16.802250)
49;148;109;
3
(-49.758450,-0.070600,-4.908150)
(-49.758450,-0.070600,-4.908150)
(-49.758450,-0.070600,-4.908150)
175;116;146;
3
(-49.758450,-0.070600,-4.908150)
(-45.520150,-0.297150,-20.684050)
(-49.758450,-0.070600,-4.908150)
164;181;141;
3
(-45.520150,-0.297150,-20.684050)
(-45.520150,-0.297550,-20.684000)
(-45.520150,-0.297550,-20.684000)
94;213;144;
3
(-45.520150,-0.297150,-20.684050)
(0.795200,-0.718300,-49.988500)
(-45.520150,-0.297550,-20.684000)
252;64;106;
3
(0.795200,-0.718300,-49.988500)
(0.795200,-0.718200,-49.988500)
(0.795200,-0.718200,-49.988500)
2;118;128;
3
(0.795200,-0.718300,-49.988500)
(33.874200,-0.534800,-36.773000)
(0.795200,-0.718200,-49.988500)
107;23;75;
3
(33.874200,-0.534800,-36.773000)
(33.872600,-0.528400,-36.774550)
(33.872600,-0.528400,-36.774550)
33;177;54;
3
(33.872600,-0.528400,-36.774550)
(-34.852700,-0.515100,-35.847250)
(-34.852700,-0.515100,-35.847250)
90;125;219;
3
(-34.852700,-0.515100,-35.847250)
(-34.853200,-0.521350,-35.846650)
(-34.853200,-0.521350,-35.846650)
30;114;234;
3
(-34.853200,-0.521350,-35.846650)
(0.000000,-49.994800,0.720550)
(0.000000,-49.994800,0.720550)
113;141;130;
3
(0.001000,-49.757750,4.915950)
(-0.132050,-49.971050,1.695800)
(-0.132050,-49.971050,1.695800)
184;140;168;
3
(-0.132050,-49.971050,1.695800)
(-3.131850,-48.097600,13.297050)
(0.000000,-49.994800,0.720550)
78;217;94;
3
(-3.131850,-48.097600,13.297050)
(-0.065650,-49.764800,4.843750)
(0.000000,-49.994800,0.720550)
191;250;175;
3
(-0.065650,-49.764800,4.843750)
(14.080250,-47.958750,1.306700)
(0.000000,-49.994800,0.720550)
116;148;176;
3
(14.080250,-47.958750,1.306700)
(-15.098100,-47.656400,0.957650)
(0.000000,-49.994800,0.720550)
229;117;29;
3
(-15.098100,-47.656400,0.957650)
(0.000000,-49.994800,0.720550)
(0.049250,-49.765150,4.840150)
88;16;220;
3
(0.000000,-49.994800,0.720550)
(0.049250,-49.765150,4.840150)
(2.975200,-48.190750,12.992300)
242;218;70;
3
(0.000000,-49.994800,0.720550)
(2.975200,-48.190750,12.992300)
(0.000000,-49.994800,0.721150)
160;129;91;
3
(0.000000,-49.994800,0.720550)
(0.000000,-49.994800,0.721150)
(0.115350,-49.972450,1.655300)
203;92;127;
3
(0.115350,-49.972450,1.655300)
(0.000000,49.994800,-0.720650)
(0.000000,49.994800,-0.720650)
233;54;29;
3
(-0.001000,49.757750,-4.915700)
(0.132000,49.971050,-1.695400)
(0.132000,49.971050,-1.695400)
2;116;73;
3
(0.132000,49.971050,-1.695400)
(3.131750,48.097700,-13.296650)
(0.000000,49.994800,-0.720650)
172;210;85;
3
(3.131750,48.097700,-13.296650)
(0.065650,49.764800,-4.843450)
(0.000000,49.994800,-0.720650)
247;11;26;
3
(0.065650,49.764800,-4.843450)
(-14.080100,47.958750,-1.306450)
(0.000000,49.994800,-0.720650)
35;38;169;
3
(-14.080100,47.958750,-1.306450)
(0.000000,49.994800,-0.720650)
(0.000000,49.994800,-0.720400)
163;91;64;
3
(0.000000,49.994800,-0.720400)
(0.000000,49.994800,-0.720650)
(15.097950,47.656450,-0.957400)
53;185;51;
3
(15.097950,47.656450,-0.957400)
(0.000000,49.994800,-0.720650)
(-0.049250,49.765200,-4.839850)
173;104;136;
3
(-0.049250,49.765200,-4.839850)
(-0.115550,49.972450,-1.655700)
(0.000000,49.994800,-0.720650)
213;42;225;
3
(0.000000,49.994800,-0.720650)
(-0.115550,49.972450,-1.655700)
(-2.975200,48.190800,-12.992100)
93;50;178;
3
(33.874200,-0.534800,-36.773000)
(-0.621350,-3.917100,-49.842450)
(-0.621350,-3.917100,-49.842450)
90;229;10;
3
(-0.621350,-3.917100,-49.842450)
(-2.975200,48.190800,-12.992100)
(-0.621200,-3.925650,-49.841800)
119;233;220;
3
(-0.621200,-3.925650,-49.841800)
(46.624550,-1.418050,-18.003850)
(-0.621200,-3.925650,-49.841800)
181;235;93;
3
(46.624550,-1.418050,-18.003850)
(46.624150,-1.415050,-18.005200)
(46.624150,-1.415050,-18.005200)
58;197;105;
3
(46.624550,-1.418050,-18.003850)
(48.958350,-0.795450,-10.121700)
(46.624150,-1.415050,-18.005200)
152;147;108;
3
(48.958350,-0.795450,-10.121700)
(48.958400,-0.797200,-10.121350)
(48.958400,-0.797200,-10.121350)
235;87;13;
3
(48.958350,-0.795450,-10.121700)
(46.854850,1.370500,17.399550)
(48.958400,-0.797200,-10.121350)
223;154;135;
3
(46.854850,1.370500,17.399550)
(46.854750,1.367450,17.400050)
(46.854750,1.367450,17.400050)
178;104;4;
3
(46.854850,1.370500,17.399550)
(0.186900,3.917300,49.845950)
(46.854750,1.367450,17.400050)
230;213;162;
3
(0.186900,3.917300,49.845950)
(0.187000,3.926150,49.845250)
(0.187000,3.926150,49.845250)
188;198;164;
3
(0.186900,3.917300,49.845950)
(-0.189550,3.917500,49.845950)
(0.187000,3.926150,49.845250)
141;95;119;
3
(-0.189550,3.917500,49.845950)
(-0.189550,3.917300,49.845950)
(-0.189550,3.917300,49.845950)
214;143;195;
3
(-0.189550,3.917500,49.845950)
(-47.293900,1.271250,16.176200)
(-0.189550,3.917300,49.845950)
20;33;42;
3
(-47.293900,1.271250,16.176200)
(-47.293900,1.271300,16.176200)
(-47.293900,1.271300,16.176200)
4;212;169;
3
(-47.293900,1.271250,16.176200)
(-49.776600,-0.370700,-4.706550)
(-47.293900,1.271300,16.176200)
24;1;17;
3
(-49.776600,-0.370700,-4.706550)
(-49.776600,-0.369900,-4.706550)
(-49.776600,-0.369900,-4.706550)
187;174;141;
3
(-49.776600,-0.370700,-4.706550)
(-45.816950,-1.571950,-19.958400)
(-49.776600,-0.369900,-4.706550)
96;28;115;
3
(-45.816950,-1.571950,-19.958400)
(-45.816950,-1.572000,-19.958400)
(-45.816950,-1.572000,-19.958400)
207;32;202;
3
(-45.816950,-1.571950,-19.958400)
(0.827000,-3.925400,-49.838800)
(-45.816950,-1.572000,-19.958400)
47;214;93;
3
(0.827000,-3.925400,-49.838800)
(0.827000,-3.925450,-49.838800)
(0.827000,-3.925450,-49.838800)
41;83;69;
3
(0.827000,-3.925400,-49.838800)
(34.585850,-2.829050,-35.997400)
(0.827000,-3.925450,-49.838800)
89;168;215;
3
(34.585850,-2.829050,-35.997400)
(34.587400,-2.835100,-35.995450)
(34.587400,-2.835100,-35.995450)
234;13;204;
3
(34.587400,-2.835100,-35.995450)
(-35.549350,-2.760750,-35.051700)
(-35.549350,-2.760750,-35.051700)
85;237;38;
3
(-35.549350,-2.760750,-35.051700)
(-35.548850,-2.754800,-35.052700)
(-35.548850,-2.754800,-35.052700)
132;128;78;
3
(-35.548850,-2.754800,-35.052700)
(0.000000,-49.846100,3.919700)
(0.000000,-49.846100,3.919700)
248;43;217;
3
(0.001050,-49.341000,8.091150)
(-0.137300,-49.760000,4.891100)
(-0.137300,-49.760000,4.891100)
237;184;55;
3
(-0.137300,-49.760000,4.891100)
(-3.256550,-47.140200,16.346150)
(0.000000,-49.846100,3.919700)
160;122;213;
3
(-3.256550,-47.140200,16.346150)
(-0.068250,-49.352650,8.019500)
(0.000000,-49.846100,3.919700)
250;78;92;
3
(-0.068250,-49.352650,8.019500)
(14.596400,-47.622850,4.360000)
(0.000000,-49.846100,3.919700)
252;33;159;
3
(14.596400,-47.622850,4.360000)
(-15.643950,-47.321600,3.991550)
(0.000000,-49.846100,3.919700)
133;54;60;
3
(-15.643950,-47.321600,3.991550)
(0.000000,-49.846100,3.919700)
(0.051200,-49.353250,8.015950)
176;129;142;
3
(0.000000,-49.846100,3.919700)
(0.051200,-49.353250,8.015950)
(3.093650,-47.253450,16.048000)
238;191;125;
3
(0.000000,-49.846100,3.919700)
(3.093650,-47.253450,16.048000)
(0.000000,-49.846150,3.919650)
133;228;177;
3
(0.000000,-49.846100,3.919700)
(0.000000,-49.846150,3.919650)
(0.120100,-49.763950,4.851500)
7;18;233;
3
(0.120100,-49.763950,4.851500)
(0.000000,49.846100,-3.919700)
(0.000000,49.846100,-3.919700)
236;198;139;
3
(-0.001050,49.341000,-8.091100)
(0.137300,49.760000,-4.891000)
(0.137300,49.760000,-4.891000)
163;226;102;
3
(0.137300,49.760000,-4.891000)
(3.256600,47.140200,-16.346150)
(0.000000,49.846100,-3.919700)
244;185;243;
3
(3.256600,47.140200,-16.346150)
(0.068250,49.352650,-8.019450)
(0.000000,49.846100,-3.919700)
50;6;144;
3
(0.068250,49.352650,-8.019450)
(-14.596250,47.622900,-4.360000)
(0.000000,49.846100,-3.919700)
4;244;185;
3
(-14.596250,47.622900,-4.360000)
(0.000000,49.846100,-3.919700)
(0.000000,49.846100,-3.919700)
44;45;2;
3
(0.000000,49.846100,-3.919700)
(0.000000,49.846100,-3.919700)
(15.643850,47.321650,-3.991550)
1;30;224;
3
(15.643850,47.321650,-3.991550)
(0.000000,49.846100,-3.919700)
(-0.051200,49.353250,-8.015900)
67;248;116;
3
(-0.051200,49.353250,-8.015900)
(-0.120100,49.763950,-4.851400)
(0.000000,49.846100,-3.919700)
162;11;144;
3
(0.000000,49.846100,-3.919700)
(-0.120100,49.763950,-4.851400)
(-3.093750,47.253350,-16.048300)
146;22;55;
3
(-3.093750,47.253350,-16.048300)
(-49.887100,-0.379750,-3.336400)
(-48.429100,-1.406250,-12.354900)
28;83;8;
3
(-45.886100,-2.246100,-19.733800)
(-3.093750,47.253350,-16.048300)
(-48.429100,-1.406250,-12.354900)
62;55;181;
3
(-49.961300,-0.222450,-1.954500)
(-41.922100,-3.081700,-27.074700)
(-49.887100,-0.379750,-3.336400)
114;14;55;
3
(-3.093750,47.253350,-16.048300)
(-49.961300,-0.222450,-1.954500)
(-49.887100,-0.379750,-3.336400)
70;242;251;
3
(-41.922100,-3.081700,-27.074700)
(-1.291750,-5.652750,-49.662650)
(-25.890300,4.837450,42.500500)
9;38;204;
3
(-1.291750,-5.652750,-49.662650)
(-41.922100,-3.081700,-27.074700)
(-1.291750,-5.652750,-49.662650)
122;246;126;
3
(-1.291750,-5.652750,-49.662650)
(39.564350,-3.457500,-30.376150)
(-1.291750,-5.652750,-49.662650)
85;237;216;
3
(39.564350,-3.457450,-30.376150)
(-1.291750,-5.652750,-49.662650)
(39.564350,-3.457500,-30.376100)
202;18;151;
3
(39.564350,-3.457450,-30.376150)
(49.902700,-0.352600,-3.098000)
(39.564350,-3.457500,-30.376100)
182;2;87;
3
(49.902700,-0.352600,-3.098000)
(39.564350,-3.457450,-30.376150)
(49.902700,-0.352600,-3.098000)
110;8;108;
3
(49.902700,-0.352600,-3.098000)
(37.778350,3.704200,32.543450)
(49.902700,-0.352600,-3.098000)
224;176;63;
3
(41.603100,3.136550,27.556200)
(49.902700,-0.352600,-3.098000)
(41.603100,3.136550,27.556200)
155;28;58;
3
(34.307600,4.113500,36.139550)
(29.068200,4.600800,40.421200)
(37.778350,3.704200,32.543450)
95;58;223;
3
(49.902700,-0.352600,-3.098000)
(34.307600,4.113500,36.139550)
(37.778350,3.704200,32.543450)
186;221;64;
3
(27.309650,4.736600,41.614300)
(25.890100,4.837500,42.500600)
(29.068200,4.600800,40.421200)
27;228;185;
3
(34.307600,4.113500,36.139550)
(27.309650,4.736600,41.614300)
(29.068200,4.600800,40.421200)
97;166;192;
3
(-45.886100,-2.246100,-19.733800)
(-48.429100,-1.406250,-12.354900)
(41.603100,3.136550,27.556200)
229;146;29;
3
(-49.990000,-0.113050,-0.993550)
(-45.886100,-2.246100,-19.733800)
(-49.990000,-0.113050,-0.993550)
120;188;200;
3
(-49.990000,-0.113050,-0.993550)
(0.000000,-49.679050,5.655950)
(0.000000,-49.679050,5.656000)
119;74;43;
3
(0.000000,-49.679050,5.655950)
(-0.000050,-49.679050,5.655950)
(-0.000050,-49.679050,5.655950)
89;24;195;
3
(0.000000,-49.679050,5.655950)
(0.000000,-49.679050,5.655950)
(-0.000050,-49.679050,5.656050)
106;14;10;
3
(-0.000050,-49.679050,5.655950)
(-0.000050,-49.679050,5.656050)
(0.000050,-49.679050,5.655950)
196;66;10;
3
(0.000050,-49.679050,5.655950)
(0.000000,-49.679050,5.655950)
(-0.000050,-49.679050,5.656250)
15;190;113;
3
(-0.000050,-49.679050,5.656250)
(0.000000,-49.679050,5.655950)
(-0.000050,-49.679050,5.655900)
1;195;227;
3
(-0.000050,-49.679050,5.655900)
(0.000000,-49.679050,5.655950)
(-0.000050,-49.679100,5.655900)
48;255;219;
3
(-0.000050,-49.679100,5.655900)
(0.000000,49.679050,-5.656000)
(0.000000,49.679050,-5.656000)
137;26;178;
3
(0.000000,49.679050,-5.656000)
(0.000050,49.679050,-5.656100)
(0.000050,49.679050,-5.656100)
34;101;248;
3
(0.000000,49.679050,-5.656000)
(-0.000050,-49.679100,5.655900)
(0.000050,49.679050,-5.656000)
5;60;81;
3
(0.000000,49.679050,-5.655950)
(0.000050,49.679050,-5.656100)
(0.000000,49.679100,-5.655900)
179;74;61;
3
(0.000000,49.679050,-5.656000)
(0.000000,49.679100,-5.655900)
(0.000050,49.679050,-5.656100)
141;253;190;
3
(0.000000,49.679050,-5.656000)
(0.000050,49.679050,-5.656100)
(0.000050,49.679050,-5.656050)
208;25;158;
3
(0.000000,49.679050,-5.656000)
(0.000050,49.679050,-5.656050)
(0.000050,49.679050,-5.656000)
105;254;161;
3
(25.890100,4.837450,42.500600)
(45.886200,-2.246150,-19.733500)
(48.429200,-1.406250,-12.354650)
4;250;212;
3
(49.887150,-0.379750,-3.336150)
(45.886200,-2.246150,-19.733500)
(25.890100,4.837450,42.500600)
191;237;103;
3
(49.961300,-0.222450,-1.954250)
(48.429200,-1.406250,-12.354650)
(41.922300,-3.081700,-27.074400)
20;25;201;
3
(25.890100,4.837450,42.500600)
(48.429200,-1.406250,-12.354650)
(49.961300,-0.222450,-1.954250)
248;63;209;
3
(41.922300,-3.081700,-27.074400)
(0.000050,49.679050,-5.656000)
(1.292000,-5.652750,-49.662650)
104;8;242;
3
(1.292000,-5.652750,-49.662650)
(1.292000,-5.652750,-49.662650)
(41.922300,-3.081700,-27.074400)
192;173;81;
3
(1.292000,-5.652750,-49.662650)
(1.292000,-5.652750,-49.662650)
(-39.564000,-3.460150,-30.376250)
2;236;197;
3
(-39.564200,-3.462750,-30.375750)
(-39.563850,-3.457600,-30.376750)
(1.292000,-5.652750,-49.662650)
236;18;148;
3
(-39.564200,-3.462750,-30.375750)
(-39.563850,-3.457600,-30.376750)
(-49.902600,-0.353100,-3.099700)
48;105;148;
3
(-49.902600,-0.352800,-3.099750)
(-49.902600,-0.353350,-3.099600)
(-39.564200,-3.462750,-30.375750)
175;131;246;
3
(-49.902600,-0.352800,-3.099750)
(-49.902600,-0.353350,-3.099600)
(-37.778250,3.704200,32.543550)
65;149;99;
3
(-41.602700,3.136600,27.556800)
(-41.602700,3.136600,27.556800)
(-49.902600,-0.352800,-3.099750)
221;189;227;
3
(-34.307750,4.113500,36.139450)
(-37.778250,3.704200,32.543550)
(-29.068450,4.600800,40.421000)
218;88;161;
3
(-49.902600,-0.352800,-3.099750)
(-37.778250,3.704200,32.543550)
(-34.307750,4.113500,36.139450)
56;49;79;
3
(-27.309850,4.736600,41.614150)
(-29.068450,4.600800,40.421000)
(-25.890300,4.837450,42.500500)
202;253;206;
3
(-34.307750,4.113500,36.139450)
(-29.068450,4.600800,40.421000)
(-27.309850,4.736600,41.614150)
239;92;197;
3
(49.887150,-0.379750,-3.336150)
(-41.602700,3.136600,27.556800)
(45.886200,-2.246150,-19.733500)
105;229;101;
3
(49.990000,-0.113050,-0.993250)
(49.990000,-0.113050,-0.993250)
(49.887150,-0.379750,-3.336150)
222;48;196;
3
(49.990000,-0.113050,-0.993250)
(0.000000,-49.679050,5.655950)
(0.000000,-49.679050,5.655950)
226;156;175;
3
(0.000000,-49.679050,5.656000)
(0.000000,-49.679050,5.655950)
(-0.000050,-49.679050,5.655950)
54;182;94;
3
(0.000000,-49.679050,5.655950)
(0.000000,-49.679050,5.655950)
(0.000000,-49.679050,5.656050)
0;190;75;
3
(0.000000,-49.679050,5.655950)
(0.000000,-49.679050,5.656000)
(-0.000050,-49.679100,5.655950)
135;47;86;
3
(-0.000050,-49.679100,5.655950)
(0.000000,-49.679050,5.656250)
(0.000000,-49.679050,5.656050)
84;106;132;
3
(0.000000,-49.679050,5.656250)
(0.000000,-49.679050,5.655900)
(0.000000,-49.679050,5.656050)
108;95;54;
3
(0.000000,-49.679050,5.655900)
(0.000000,-49.679100,5.655900)
(0.000000,-49.679050,5.656050)
197;60;218;
3
(0.000000,-49.679100,5.655900)
(0.000000,49.679050,-5.656000)
(0.000050,49.679050,-5.656000)
73;203;10;
3
(0.000050,49.679050,-5.656000)
(0.000000,49.679050,-5.656100)
(0.000000,49.679050,-5.656000)
243;5;61;
3
(0.000000,49.679050,-5.656100)
(0.000000,49.679050,-5.656000)
(0.000000,-49.679100,5.655900)
215;14;202;
3
(0.000000,49.679050,-5.655950)
(0.000050,49.679100,-5.655900)
(0.000000,49.679050,-5.656100)
244;177;242;
3
(0.000000,49.679050,-5.656100)
(0.000050,49.679100,-5.655900)
(0.000050,49.679100,-5.655900)
116;143;152;
3
(0.000000,49.679050,-5.656100)
(0.000050,49.679100,-5.655900)
(0.000050,49.679050,-5.656150)
79;34;24;
3
(0.000000,49.679050,-5.656100)
(0.000050,49.679050,-5.656150)
(0.000000,49.679050,-5.656000)
116;63;88;
3
(0.000000,49.679050,-5.656000)
(-17.148200,41.071450,22.783250)
(-17.148200,41.071450,22.783250)
66;239;71;
3
(-17.148950,41.071200,22.783150)
(0.000000,49.679050,-5.656000)
(-17.148200,41.071450,22.783250)
223;46;84;
3
(-17.147450,41.071700,22.783350)
(-9.244300,22.146200,-43.864400)
(-0.000150,-0.002750,50.000000)
182;57;190;
3
(-9.245550,22.145350,-43.864600)
(-17.147450,41.071700,22.783350)
(-9.243050,22.147100,-43.864250)
103;12;230;
3
(8.230550,-19.713950,45.206400)
(8.230550,-19.713950,45.206400)
(8.230550,-19.713950,45.206400)
116;27;28;
3
(-9.245550,22.145350,-43.864600)
(8.230550,-19.713950,45.206400)
(8.230550,-19.713950,45.206400)
119;254;92;
3
(8.230500,-19.713950,45.206400)
(19.201900,-45.992650,3.995450)
(-9.243050,22.147100,-43.864250)
110;107;157;
3
(19.201900,-45.992650,3.995450)
(8.230500,-19.713950,45.206400)
(19.201900,-45.992650,3.995450)
167;72;147;
3
(19.201900,-45.992650,3.995450)
(16.946250,-40.589650,-23.776100)
(19.201900,-45.992650,3.995450)
62;179;68;
3
(16.946250,-40.589650,-23.776100)
(19.201900,-45.992650,3.995450)
(16.946250,-40.589700,-23.776100)
4;184;2;
3
(16.946250,-40.589700,-23.776100)
(45.915500,19.793150,0.000700)
(45.915500,19.793150,0.000700)
48;182;135;
3
(45.915500,19.793150,0.000650)
(45.915550,19.793050,0.000550)
(45.915500,19.793100,0.000600)
228;221;34;
3
(45.915500,19.793150,0.000700)
(45.915550,19.793050,0.000550)
(45.915500,19.793100,0.000500)
97;221;86;
3
(45.915500,19.793150,0.000600)
(45.915450,19.793200,0.000450)
(45.915450,19.793200,0.000450)
61;110;123;
3
(45.915450,19.793200,0.000450)
(45.915500,19.793100,0.000500)
(45.915550,19.793050,0.000550)
231;92;140;
3
(45.915450,19.793150,0.000600)
(-45.915450,-19.793200,-0.000700)
(-45.915450,-19.793200,-0.000700)
188;103;196;
3
(-45.915450,-19.793150,-0.000650)
(-45.915500,-19.793100,-0.000600)
(-45.915500,-19.793050,-0.000600)
255;242;47;
3
(-45.915500,-19.793050,-0.000600)
(-45.915450,-19.793200,-0.000700)
(-45.915500,-19.793100,-0.000550)
15;204;201;
3
(-45.915500,-19.793150,-0.000600)
(-45.915500,-19.793150,-0.000650)
(-45.915500,-19.793150,-0.000650)
169;144;19;
3
(-45.915500,-19.793100,-0.000550)
(-45.915500,-19.793150,-0.000650)
(-45.915450,-19.793150,-0.000650)
30;17;36;
3
(16.946250,-40.589650,-23.776100)
(17.148750,41.071200,22.783250)
(17.148050,41.071450,22.783350)
65;75;173;
3
(17.148050,41.071450,22.783350)
(17.148750,41.071200,22.783250)
(16.946250,-40.589650,-23.776100)
40;146;229;
3
(17.147350,41.071700,22.783450)
(-45.915500,-19.793150,-0.000600)
(9.244500,22.146250,-43.864350)
245;98;63;
3
(9.245800,22.145300,-43.864550)
(9.243200,22.147150,-43.864200)
(17.147350,41.071700,22.783450)
253;174;184;
3
(-8.230800,-19.713950,45.206350)
(-8.230850,-19.713950,45.206350)
(-8.230800,-19.713950,45.206350)
43;73;169;
3
(9.245800,22.145300,-43.864550)
(-8.230850,-19.713950,45.206350)
(-8.230800,-19.713950,45.206350)
202;81;49;
3
(-8.230750,-19.713950,45.206350)
(9.243200,22.147150,-43.864200)
(-19.201950,-45.992650,3.995450)
46;236;128;
3
(-19.201950,-45.992650,3.995450)
(-19.201950,-45.992650,3.995450)
(-8.230750,-19.713950,45.206350)
57;26;69;
3
(-19.201950,-45.992650,3.995450)
(-19.201950,-45.992650,3.995450)
(-16.946100,-40.589700,-23.776200)
190;170;53;
3
(-16.946100,-40.589700,-23.776200)
(-16.946100,-40.589700,-23.776200)
(-19.201950,-45.992650,3.995450)
206;101;28;
3
(-16.946100,-40.589700,-23.776200)
(-45.915450,19.793200,0.000450)
(-45.915500,19.793150,0.000450)
87;189;119;
3
(-45.915450,19.793200,0.000450)
(-45.915550,19.793050,0.000350)
(-45.915550,19.793050,0.000350)
201;211;179;
3
(-45.915450,19.793200,0.000450)
(-45.915550,19.793000,0.000450)
(-45.915550,19.792950,0.000650)
78;10;23;
3
(-45.915600,19.792850,0.000550)
(-45.915500,19.793100,0.000300)
(-45.915500,19.793100,0.000300)
246;50;22;
3
(-45.915500,19.793100,0.000300)
(-45.915550,19.793050,0.000350)
(-45.915550,19.793000,0.000450)
16;134;15;
3
(-45.915550,19.793000,0.000700)
(45.915450,-19.793200,-0.000450)
(45.915450,-19.793200,-0.000450)
45;210;19;
3
(45.915450,-19.793200,-0.000450)
(45.915450,-19.793200,-0.000450)
(45.915450,-19.793250,-0.000500)
38;183;132;
3
(45.915450,-19.793250,-0.000500)
(45.915400,-19.793300,-0.000500)
(45.915450,-19.793200,-0.000450)
120;162;182;
3
(45.915500,-19.793150,-0.000350)
(45.915500,-19.793050,-0.000450)
(45.915500,-19.793050,-0.000450)
209;2;216;
3
(45.915400,-19.793300,-0.000500)
(45.915450,-19.793200,-0.000450)
(45.915500,-19.793050,-0.000450)
19;175;238;
3
(-16.946100,-40.589700,-23.776200)
(0.000050,43.302250,-24.998350)
(0.000050,43.302250,-24.998350)
89;186;33;
3
(0.000050,43.302250,-24.998350)
(-16.946100,-40.589700,-23.776200)
(0.000050,43.302250,-24.998350)
198;222;41;
3
(0.000050,43.302250,-24.998350)
(-0.000150,-0.002750,50.000000)
(45.915500,-19.793100,-0.000350)
101;42;166;
3
(-0.000150,-0.002750,50.000000)
(0.000050,43.302250,-24.998350)
(-0.000150,-0.002750,50.000000)
71;244;207;
3
(-0.000150,-0.002750,50.000000)
(0.000050,-43.300500,-25.001350)
(0.000050,-43.300500,-25.001350)
235;33;54;
3
(0.000050,-43.300500,-25.001350)
(0.000050,-43.300500,-25.001350)
(0.000050,-43.300500,-25.001350)
162;75;221;
3
(0.000050,-43.300500,-25.001350)
(50.000000,0.000000,0.000150)
(50.000000,0.000000,0.000150)
168;153;106;
3
(50.000000,0.000000,0.000150)
(-50.000000,0.000000,-0.000150)
(-50.000000,0.000000,-0.000150)
224;192;18;
3
(-50.000000,0.000000,-0.000150)
(-38.752950,-29.071450,12.371700)
(-38.752950,-29.071450,12.371700)
32;145;52;
3
(-50.000000,0.000000,-0.000150)
(-38.752950,-29.071450,12.371700)
(-38.760450,-29.721750,10.688600)
98;199;110;
3
(36.054700,-33.034350,10.430250)
(-14.289500,-44.261650,18.349800)
(-38.687150,-28.318650,14.190050)
132;61;79;
3
(-14.755500,-42.910850,20.998400)
(-38.687150,-28.318650,14.190050)
(-13.893200,-45.197200,16.254000)
168;160;238;
3
(-13.893200,-45.197200,16.254000)
(43.421000,-23.361400,8.298450)
(-14.755500,-42.910850,20.998400)
34;12;105;
3
(43.693550,-23.308200,6.899450)
(-14.755500,-42.910850,20.998400)
(42.669050,-23.411550,11.456550)
127;36;208;
3
(42.669050,-23.411550,11.456550)
(35.844150,33.426050,-9.894250)
(43.693550,-23.308200,6.899450)
40;63;24;
3
(44.449050,21.955650,-6.498600)
(43.693550,-23.308200,6.899450)
(44.449000,21.955650,-6.498900)
203;169;192;
3
(35.844150,33.426050,-9.894250)
(29.619950,37.821850,-13.862450)
(32.282450,35.925150,-12.931600)
217;255;1;
3
(35.844150,33.426050,-9.894250)
(32.282450,35.925150,-12.931600)
(43.693550,-23.308200,6.899450)
100;228;189;
3
(44.449000,21.955650,-6.498900)
(-33.413100,33.254850,-16.663700)
(-33.413100,33.254850,-16.663700)
139;51;184;
3
(-33.413100,33.254850,-16.663700)
(-33.412200,33.257650,-16.659950)
(-33.412200,33.257650,-16.659950)
195;217;154;
3
(-33.412200,33.257650,-16.659950)
(2.799800,-12.219450,-48.402950)
(0.451250,-14.992100,-47.697300)
6;142;64;
3
(2.799800,-12.219450,-48.402950)
(-2.176050,-15.295400,-47.553300)
(-2.176050,-15.295400,-47.553300)
116;55;97;
3
(-2.176050,-15.295400,-47.553300)
(2.799800,-12.219450,-48.402950)
(-2.214950,-15.269450,-47.559850)
32;131;50;
3
(-2.214950,-15.269450,-47.559850)
(-0.663350,-21.597700,-45.089900)
(2.799800,-12.219450,-48.402950)
131;175;12;
3
(-0.663350,-21.597700,-45.089900)
(-2.989500,12.407600,48.343700)
(-2.989500,12.407600,48.343700)
162;35;253;
3
(-2.604450,11.578350,48.571150)
(-2.511950,12.709700,48.292400)
(-2.511950,12.709700,48.292400)
92;49;68;
3
(-2.511950,12.709700,48.292400)
(-2.699850,12.833250,48.249550)
(-2.989500,12.407600,48.343700)
218;24;179;
3
(-2.699850,12.833250,48.249550)
(-2.989500,12.407600,48.343700)
(-1.297600,6.574950,49.548850)
225;9;48;
3
(29.074150,36.369850,-18.218850)
(-30.716900,-37.042100,13.577700)
(-30.897050,-37.694100,11.159100)
117;52;97;
3
(-30.897050,-37.694100,11.159100)
(-30.716900,-37.042100,13.577700)
(-30.716900,-37.042100,13.577700)
154;80;119;
3
(-30.196550,-35.631300,17.848800)
(-1.297600,6.574950,49.548850)
(-47.550950,-15.213600,2.730400)
99;74;237;
3
(-47.550950,-15.213600,2.730400)
(-47.550950,-15.213600,2.730400)
(-47.435600,-15.156900,4.487000)
73;61;251;
3
(-47.492550,-15.183650,3.730550)
(-47.435600,-15.156900,4.487000)
(-19.069100,38.403450,-25.720550)
249;84;225;
3
(-19.069100,38.403450,-25.720550)
(-19.069100,38.403450,-25.720550)
(-25.355200,42.416450,-7.612900)
78;44;2;
3
(-23.328550,41.615200,-14.965150)
(-25.355200,42.416450,-7.612900)
(37.307450,31.403000,-11.045750)
151;10;182;
3
(37.307450,31.403000,-11.045750)
(21.774200,43.159700,-12.772100)
(24.508900,36.210200,-24.251500)
159;121;194;
3
(35.235300,33.607300,-11.358950)
(-23.328550,41.615200,-14.965150)
(39.439500,27.476900,-13.767550)
112;124;121;
3
(39.439500,27.476900,-13.767550)
(-23.328550,41.615200,-14.965150)
(37.307450,31.403000,-11.045750)
63;128;140;
3
(24.508900,36.210200,-24.251500)
(36.215200,-30.823000,15.440350)
(36.215200,-30.823000,15.440350)
71;77;224;
3
(36.215200,-30.823000,15.440350)
(36.215800,-30.820800,15.443250)
(36.215800,-30.820800,15.443250)
116;95;10;
3
(36.215800,-30.820800,15.443250)
(1.202850,-12.095900,-48.499900)
(3.050550,-12.006200,-48.441150)
67;154;42;
3
(3.050550,-12.006200,-48.441150)
(0.921650,-15.352800,-47.575650)
(0.921650,-15.352800,-47.575650)
48;89;75;
3
(36.215800,-30.820800,15.443250)
(0.921650,-15.352800,-47.575650)
(-1.740150,-11.966850,-48.515650)
43;187;90;
3
(-1.740150,-11.966850,-48.515650)
(1.934850,-12.526300,-48.366800)
(36.215800,-30.820800,15.443250)
108;220;148;
3
(1.934850,-12.526300,-48.366800)
(-1.511150,10.652200,48.828750)
(-1.511150,10.652200,48.828750)
157;90;181;
3
(-1.706750,15.214950,47.598250)
(0.390150,13.696000,48.086050)
(0.390150,13.696000,48.086050)
100;156;46;
3
(0.390150,13.696000,48.086050)
(-4.198500,19.367400,45.905100)
(-1.511150,10.652200,48.828750)
39;152;135;
3
(-1.511150,10.652200,48.828750)
(-4.198500,19.367400,45.905100)
(2.855700,18.420800,46.395250)
238;72;168;
3
(39.460700,28.830650,-10.566350)
(-36.054450,33.038150,-10.419050)
(-36.064450,33.030050,-10.410300)
72;51;152;
3
(-36.064450,33.030050,-10.410300)
(-36.054450,33.038150,-10.419050)
(-36.054450,33.038150,-10.419050)
110;189;72;
3
(-36.044500,33.046250,-10.427750)
(2.855700,18.420800,46.395250)
(36.064700,33.026300,-10.421300)
194;241;222;
3
(36.064700,33.026300,-10.421300)
(36.064700,33.026300,-10.421300)
(36.044250,33.050150,-10.416450)
14;195;161;
3
(36.054500,33.038150,-10.418850)
(36.044250,33.050150,-10.416450)
(36.065000,-33.022400,10.432650)
199;181;73;
3
(36.065000,-33.022400,10.432650)
(36.065000,-33.022400,10.432650)
(36.044350,-33.046400,10.427800)
62;188;128;
3
(36.044350,-33.046400,10.427800)
(-36.064850,-33.026100,10.421250)
(-36.064850,-33.026100,10.421250)
226;11;194;
3
(-36.064850,-33.026100,10.421250)
(-36.044750,-33.042500,10.438800)
(-36.044750,-33.042500,10.438800)
183;206;185;
3
(-36.044750,-33.042500,10.438800)
(0.000200,-16.580200,-47.170950)
(0.000200,-16.580200,-47.170950)
179;17;177;
3
(0.000200,-16.580200,-47.170950)
(0.000150,-16.580200,-47.170950)
(0.000150,-16.580200,-47.170950)
105;100;118;
3
(0.000150,-16.580200,-47.170950)
(-0.000100,17.810700,46.720250)
(-0.000100,17.810700,46.720250)
205;8;163;
3
(-0.000100,17.810700,46.720250)
(-0.000250,17.810700,46.720250)
(-0.000250,17.810700,46.720250)
28;40;21;
3
(-0.000250,17.810700,46.720250)
(0.000000,-49.902550,-3.120300)
(0.000050,-48.311300,-12.884800)
90;233;235;
3
(0.000050,-48.311300,-12.884800)
(-0.000250,17.810700,46.720250)
(0.000050,-48.311300,-12.884800)
183;191;184;
3
(0.000000,-49.992450,0.868100)
(-0.000150,-1.220500,49.985100)
(-0.000100,39.853800,30.193950)
92;218;85;
3
(-0.000150,-1.220500,49.985100)
(0.000000,-49.992450,0.868100)
(-0.000150,-1.220500,49.985100)
96;234;19;
3
(-0.000150,-1.220500,49.985100)
(0.000100,-43.739000,-24.226000)
(-0.000150,-1.220500,49.985100)
149;89;62;
3
(0.000050,-47.678800,-15.057650)
(-0.000150,-1.220500,49.985100)
(0.000050,-47.678800,-15.057650)
242;220;37;
3
(0.000100,-40.196700,-29.735950)
(0.000100,-34.060650,-36.604250)
(0.000100,-43.739000,-24.226000)
128;109;175;
3
(-0.000150,-1.220500,49.985100)
(0.000100,-40.196700,-29.735950)
(0.000100,-43.739000,-24.226000)
131;229;210;
3
(0.000150,-29.639800,-40.267650)
(0.000150,-23.812800,-43.965350)
(0.000100,-34.060650,-36.604250)
233;69;87;
3
(0.000100,-40.196700,-29.735950)
(0.000150,-29.639800,-40.267650)
(0.000100,-34.060650,-36.604250)
236;196;160;
3
(0.000150,-23.812800,-43.965300)
(0.000150,5.958650,-49.643700)
(0.000050,-47.678800,-15.057650)
250;15;103;
3
(0.000150,5.958650,-49.643700)
(0.000150,-23.812800,-43.965300)
(0.000150,5.958650,-49.643650)
143;59;2;
3
(0.000150,5.958650,-49.643700)
(0.000100,33.219250,-37.369550)
(0.000150,5.958650,-49.643650)
225;228;202;
3
(0.000100,33.219250,-37.369550)
(0.000150,5.958650,-49.643700)
(0.000100,33.219250,-37.369550)
209;185;249;
3
(0.000100,33.219250,-37.369550)
(0.000000,49.759750,4.895850)
(0.000100,33.219250,-37.369550)
86;34;45;
3
(0.000000,49.943450,-2.376850)
(0.000100,33.219250,-37.369550)
(0.000000,49.943450,-2.376850)
3;60;238;
3
(-0.000050,48.458100,12.321300)
(-0.000100,42.215800,26.792300)
(0.000000,49.759750,4.895850)
170;141;203;
3
(0.000100,33.219250,-37.369550)
(-0.000050,48.458100,12.321300)
(0.000000,49.759750,4.895850)
174;177;23;
3
(-0.000100,40.667700,29.088450)
(-0.000100,39.853800,30.193950)
(-0.000100,42.215800,26.792300)
41;5;5;
3
(-0.000050,48.458100,12.321300)
(-0.000100,40.667700,29.088450)
(-0.000100,42.215800,26.792300)
127;130;198;
3
(0.000050,-48.311300,-12.884800)
(0.000050,-48.311300,-12.884800)
(0.000000,49.943450,-2.376850)
239;192;40;
3
(0.000000,-49.910300,2.993250)
(0.000050,-48.311300,-12.884800)
(0.000000,-49.910300,2.993250)
66;18;106;
3
(0.000000,-49.910300,2.993250)
(50.000000,0.000000,0.000150)
(50.000000,0.000000,0.000150)
139;63;233;
3
(50.000000,0.000000,0.000150)
(50.000000,0.000000,0.000150)
(50.000000,0.000000,0.000150)
177;79;49;
3
(50.000000,0.000000,0.000150)
(50.000000,0.000000,0.000150)
(50.000000,0.000000,0.000150)
247;119;138;
3
(50.000000,0.000000,0.000150)
(50.000000,0.000000,0.000150)
(50.000000,0.000000,0.000150)
4;174;144;
3
(50.000000,0.000000,0.000150)
(50.000000,0.000000,0.000150)
(50.000000,0.000000,0.000150)
214;237;159;
3
(50.000000,0.000000,0.000150)
(50.000000,0.000000,0.000150)
(50.000000,0.000000,0.000150)
127;38;18;
3
(50.000000,0.000000,0.000150)
(50.000000,0.000000,0.000150)
(50.000000,0.000000,0.000150)
252;174;236;
3
(50.000000,0.000000,0.000150)
(50.000000,0.000000,0.000150)
(50.000000,0.000000,0.000150)
116;1;69;
3
(50.000000,0.000000,0.000150)
(50.000000,0.000000,0.000150)
(50.000000,0.000000,0.000150)
159;109;215;
3
(50.000000,0.000000,0.000150)
(-50.000000,0.000000,-0.000150)
(-50.000000,0.000000,-0.000150)
117;167;154;
3
(-50.000000,0.000000,-0.000150)
(-50.000000,0.000000,-0.000150)
(-50.000000,0.000000,-0.000150)
205;48;90;
3
(-50.000000,0.000000,-0.000150)
(-50.000000,0.000000,-0.000150)
(-50.000000,0.000000,-0.000150)
165;169;144;
3
(-50.000000,0.000000,-0.000150)
(-50.000000,0.000000,-0.000150)
(-50.000000,0.000000,-0.000150)
244;75;135;
3
(-50.000000,0.000000,-0.000150)
(-50.000000,0.000000,-0.000150)
(-50.000000,0.000000,-0.000150)
112;175;142;
3
(-50.000000,0.000000,-0.000150)
(-50.000000,0.000000,-0.000150)
(-50.000000,0.000000,-0.000150)
166;163;238;
3
(-50.000000,0.000000,-0.000150)
(-50.000000,0.000000,-0.000150)
(-50.000000,0.000000,-0.000150)
10;37;42;
3
(-50.000000,0.000000,-0.000150)
(-50.000000,0.000000,-0.000150)
(-50.000000,0.000000,-0.000150)
216;107;139;
3
(-50.000000,0.000000,-0.000150)
(-50.000000,0.000000,-0.000150)
(-50.000000,0.000000,-0.000150)
139;176;217;
3
(-50.000000,0.000000,-0.000150)
(0.000100,25.000450,-43.301000)
(0.000100,25.000450,-43.301000)
78;214;8;
3
(0.000100,25.000450,-43.301000)
(-50.000000,0.000000,-0.000150)
(0.000100,25.000450,-43.301000)
129;209;50;
3
(0.000100,25.000450,-43.301000)
(0.000000,50.000000,0.001350)
(0.000000,-50.000000,-0.001500)
251;119;119;
3
(0.000000,50.000000,0.001350)
(0.000100,25.000450,-43.301000)
(0.000000,50.000000,0.001350)
73;77;84;
3
(0.000000,50.000000,0.001350)
(-0.000100,24.998800,43.301950)
(0.000000,50.000000,0.001350)
114;73;205;
3
(-0.000100,24.998800,43.301950)
(0.000000,50.000000,0.001350)
(-0.000100,24.998800,43.301950)
157;33;14;
3
(-0.000100,24.998800,43.301950)
(-0.000100,-25.001550,43.300350)
(-0.000100,24.998800,43.301950)
190;139;191;
3
(-0.000100,-25.001550,43.300350)
(-0.000100,24.998800,43.301950)
(-0.000100,-25.001550,43.300350)
4;57;211;
3
(-0.000100,-25.001550,43.300350)
(0.000000,-50.000000,-0.001500)
(-0.000100,-25.001550,43.300350)
64;253;225;
3
(0.000000,-50.000000,-0.001500)
(-0.000100,-25.001550,43.300350)
(0.000000,-50.000000,-0.001500)
55;29;164;
3
(0.000000,-50.000000,-0.001500)
(0.000100,-24.998900,-43.301900)
(0.000100,-24.998900,-43.301900)
101;31;10;
3
(0.000100,-24.998900,-43.301900)
(0.000100,-24.998900,-43.301900)
(0.000100,-24.998900,-43.301900)
149;80;116;
3
(0.000100,-24.998900,-43.301900)
(50.000000,0.000000,0.000150)
(50.000000,0.000000,0.000150)
71;125;104;
3
(50.000000,0.000000,0.000150)
(50.000000,0.000000,0.000150)
(50.000000,0.000000,0.000150)
54;29;186;
3
(50.000000,0.000000,0.000150)
(50.000000,0.000000,0.000150)
(50.000000,0.000000,0.000150)
158;52;210;
3
(50.000000,0.000000,0.000150)
(50.000000,0.000000,0.000150)
(50.000000,0.000000,0.000150)
68;246;35;
3
(50.000000,0.000000,0.000150)
(-50.000000,0.000000,-0.000100)
(-50.000000,0.000000,-0.000100)
142;44;57;
3
(-50.000000,0.000000,-0.000150)
(-50.000000,0.000000,-0.000150)
(-50.000000,0.000000,-0.000150)
157;196;169;
3
(-50.000000,0.000000,-0.000150)
(-50.000000,0.000000,-0.000150)
(-50.000000,0.000000,-0.000100)
50;193;64;
3
(-50.000000,0.000000,-0.000150)
(-50.000000,0.000000,-0.000100)
(-50.000000,0.000000,-0.000100)
242;175;113;
3
(0.000000,-50.000000,-0.001500)
(0.000100,25.000450,-43.301000)
(0.000100,25.000450,-43.301000)
242;208;100;
3
(0.000100,25.000450,-43.301000)
(0.000000,-50.000000,-0.001500)
(0.000100,25.000450,-43.301000)
214;65;72;
3
(0.000100,25.000450,-43.301000)
(0.000000,50.000000,0.001350)
(-50.000000,0.000000,-0.000100)
9;95;70;
3
(0.000000,50.000000,0.001350)
(0.000100,25.000450,-43.301000)
(0.000000,50.000000,0.001350)
132;255;150;
3
(0.000000,50.000000,0.001350)
(-0.000100,24.998800,43.301950)
(0.000000,50.000000,0.001350)
197;95;230;
3
(-0.000100,24.998800,43.301950)
(0.000000,50.000000,0.001350)
(-0.000100,24.998800,43.301950)
62;197;23;
3
(-0.000100,24.998800,43.301950)
(-0.000100,-25.001550,43.300350)
(-0.000100,24.998800,43.301950)
99;51;252;
3
(-0.000100,-25.001550,43.300350)
(-0.000100,24.998800,43.301950)
(-0.000100,-25.001550,43.300350)
146;132;195;
3
(-0.000100,-25.001550,43.300350)
(0.000000,-50.000000,-0.001500)
(-0.000100,-25.001550,43.300350)
163;8;171;
3
(0.000000,-50.000000,-0.001500)
(-0.000100,-25.001550,43.300350)
(0.000000,-50.000000,-0.001500)
240;63;170;
3
(0.000000,-50.000000,-0.001500)
(0.000100,-24.998850,-43.301900)
(0.000100,-24.998850,-43.301900)
85;28;63;
3
(0.000100,-24.998850,-43.301900)
(0.000100,-24.998850,-43.301900)
(0.000100,-24.998850,-43.301900)
79;81;173;
3
(0.000100,-24.998850,-43.301900)
(50.000000,0.000000,0.000100)
(50.000000,0.000000,0.000100)
150;133;196;
3
(50.000000,0.000000,0.000150)
(50.000000,0.000000,0.000150)
(50.000000,0.000000,0.000150)
213;94;88;
3
(50.000000,0.000000,0.000150)
(50.000000,0.000000,0.000150)
(50.000000,0.000000,0.000100)
129;30;136;
3
(50.000000,0.000000,0.000150)
(50.000000,0.000000,0.000100)
(50.000000,0.000000,0.000100)
187;140;86;
3
(50.000000,0.000000,0.000100)
(-50.000000,0.000000,-0.000150)
(-50.000000,0.000000,-0.000150)
109;159;233;
3
(-50.000000,0.000000,-0.000150)
(-50.000000,0.000000,-0.000150)
(-50.000000,0.000000,-0.000150)
235;200;37;
3
(-50.000000,0.000000,-0.000150)
(-50.000000,0.000000,-0.000150)
(-50.000000,0.000000,-0.000150)
25;13;9;
3
(-50.000000,0.000000,-0.000150)
(-50.000000,0.000000,-0.000150)
(-50.000000,0.000000,-0.000150)
