32;0;128;64;
4
(-30,0,-50)
(30,0,-50)
(30,0,50)
(-30,0,50)
;192;192;192;
4
(-30,0,50)
(-20,-10,35)
(20,-10,35)
(30,0,50)
;220;220;220;
4
(30,0,50)
(30,0,-50)
(20,-10,-35)
(20,-10,35)
;220;220;220;
4
(-30,0,50)
(-30,0,-50)
(-20,-10,-35)
(-20,-10,35)
;192;192;192;
4
(20,-10,-35)
(-20,-10,-35)
(-30,0,-50)
(30,0,-50)
;0;0;0;
0
;0;0;255;
4
(-10,-10,-50)
(10,-10,-50)
(10,-20,-50)
(-10,-20,-50)
;128;128;255;
4
(20,-10,-35)
(20,-10,30)
(20,-20,30)
(20,-20,-35)
;128;128;255;
4
(-10,-10,35)
(10,-10,35)
(10,-20,35)
(-10,-20,35)
;128;128;255;
4
(-20,-10,-35)
(-20,-10,30)
(-20,-20,30)
(-20,-20,-35)
;0;0;0;
0
;0;0;128;
4
(10,-10,-50)
(10,-20,-50)
(20,-20,-35)
(20,-10,-35)
;0;0;128;
4
(20,-10,30)
(20,-20,30)
(10,-20,35)
(10,-10,35)
;0;0;128;
4
(-10,-10,-50)
(-10,-20,-50)
(-20,-20,-35)
(-20,-10,-35)
;0;0;128;
4
(-20,-10,30)
(-20,-20,30)
(-10,-20,35)
(-10,-10,35)
;128;255;255;
3
(10,-20,-50)
(20,-20,-35)
(10,-35,-25)
;0;232;232;
4
(20,-20,-35)
(20,-20,30)
(10,-35,20)
(10,-35,-25)
;128;255;255;
3
(-10,-20,-50)
(-20,-20,-35)
(-10,-35,-25)
;0;232;232;
4
(-20,-20,-35)
(-20,-20,30)
(-10,-35,20)
(-10,-35,-25)
;0;0;0;
0
;179;255;255;
4
(-10,-20,-50)
(10,-20,-50)
(10,-35,-25)
(-10,-35,-25)
;255;255;255;
4
(-10,-35,-25)
(10,-35,-25)
(10,-35,20)
(-10,-35,20)
;128;255;255;
3
(10,-35,20)
(10,-20,35)
(20,-20,30)
;128;255;255;
3
(-10,-35,20)
(-10,-20,35)
(-20,-20,30)
;0;255;255;
4
(10,-20,35)
(-10,-20,35)
(-10,-35,20)
(10,-35,20)
;0;0;255;
4
(10,-20,35)
(-10,-20,35)
(-15,-25,50)
(15,-25,50)
;0;0;0;
0
;0;0;128;
4
(-10,-10,35)
(10,-10,35)
(15,-5,50)
(-15,-5,50)
;0;0;0;
2
(-15,-5,50)
(-10,-10,35)
;0;0;255;
4
(-10,-20,35)
(-10,-10,35)
(-15,-5,50)
(-15,-25,50)
;0;0;255;
4
(15,-25,50)
(15,-5,50)
(10,-10,35)
(10,-20,35)
;0;0;0;
0
