13;64;128;128;
6
(-50,0,-50)
(-30,0,-50)
(-30,-40,-50)
(-15,-40,-50)
(-15,-50,-50)
(-50,-50,-50)
;64;128;128;
6
(-50,0,50)
(-30,0,50)
(-30,-40,50)
(-15,-40,50)
(-15,-50,50)
(-50,-50,50)
;0;0;255;
6
(50,0,-50)
(50,-50,-50)
(15,-50,-50)
(15,-40,-50)
(30,-40,-50)
(30,0,-50)
;0;0;255;
6
(50,0,50)
(50,-50,50)
(15,-50,50)
(15,-40,50)
(30,-40,50)
(30,0,50)
;0;0;0;
0
;0;0;128;
4
(15,-40,-50)
(15,-50,-50)
(15,-50,50)
(15,-40,50)
;255;255;255;
4
(15,-50,50)
(50,-50,50)
(50,-50,-50)
(15,-50,-50)
;0;0;64;
4
(30,-40,-50)
(30,0,-50)
(30,0,50)
(30,-40,50)
;128;0;255;
4
(50,-50,50)
(50,0,50)
(50,0,-50)
(50,-50,-50)
;255;255;255;
4
(-15,-50,50)
(-50,-50,50)
(-50,-50,-50)
(-15,-50,-50)
;0;0;64;
4
(-30,-40,-50)
(-30,0,-50)
(-30,0,50)
(-30,-40,50)
;128;0;255;
4
(-50,-50,50)
(-50,0,50)
(-50,0,-50)
(-50,-50,-50)
;0;128;128;
4
(-15,-40,-50)
(-15,-50,-50)
(-15,-50,50)
(-15,-40,50)
