14;128;128;128;
4
(-50,0,50)
(-50,0,-50)
(-50,-50,-50)
(-50,-50,50)
;204;204;204;
4
(-50,-50,50)
(50,-50,50)
(50,0,50)
(-50,0,50)
;64;128;128;
4
(-50,0,50)
(-50,0,-50)
(50,0,-50)
(50,0,50)
;192;192;192;
4
(50,0,-50)
(50,-50,-50)
(-50,-50,-50)
(-50,0,-50)
;128;128;128;
4
(50,0,-50)
(50,0,50)
(50,-50,50)
(50,-50,-50)
;255;255;255;
4
(50,-50,-50)
(-50,-50,-50)
(-50,-50,-30)
(50,-50,-30)
;255;255;255;
4
(30,-50,-50)
(30,-50,50)
(50,-50,50)
(50,-50,-50)
;255;255;255;
4
(50,-50,30)
(-50,-50,30)
(-50,-50,50)
(50,-50,50)
;255;255;255;
4
(-50,-50,-50)
(-30,-50,-50)
(-30,-50,50)
(-50,-50,50)
;128;128;0;
4
(-25,-15,-51)
(-25,-30,-51)
(-25,-30,-100)
(-25,-15,-100)
;72;72;0;
4
(-25,-15,-100)
(25,-15,-100)
(25,-15,-51)
(-25,-15,-51)
;255;255;255;
4
(-25,-30,-100)
(25,-30,-100)
(25,-30,-51)
(-25,-30,-51)
;128;128;0;
4
(25,-30,-51)
(25,-30,-100)
(25,-15,-100)
(25,-15,-50)
;0;0;0;
0
