596;190;35;41;
3
(-7.015820,2.695320,-74.100380)
(5.999340,11.257540,-71.730020)
(-7.015820,11.257540,-71.729980)
;108;225;132;
3
(-7.015820,11.257540,-71.729980)
(-5.537060,10.801120,-47.341380)
(-8.705640,7.152920,-47.341380)
;82;174;214;
3
(-2.547260,1.161040,59.306200)
(-4.956980,10.070820,-15.252640)
(1.531500,1.161040,59.306200)
;241;73;144;
3
(-7.805500,-5.396360,-58.394180)
(6.789120,-5.396360,-58.394220)
(-7.015820,2.695320,-74.100380)
;233;187;241;
3
(6.789120,-5.396360,-58.394220)
(7.689280,7.152920,-47.341420)
(5.999340,11.257540,-71.730020)
;166;179;235;
3
(-7.805500,-5.396360,-58.394180)
(-7.015820,2.695320,-74.100380)
(-7.015820,11.257540,-71.729980)
;135;60;219;
3
(4.520700,10.801120,-47.341400)
(5.999340,11.257540,-71.730020)
(7.689280,7.152920,-47.341420)
;153;62;12;
3
(-5.537060,10.801120,-47.341380)
(-7.015820,11.257540,-71.729980)
(5.999340,11.257540,-71.730020)
;13;94;36;
3
(-2.547260,1.161040,59.306200)
(1.531500,1.161040,59.306200)
(-2.547260,-5.358420,59.306400)
;183;6;28;
3
(-8.705640,7.152920,-47.341380)
(-5.077940,12.937540,-41.515980)
(-8.776660,6.999860,-41.515780)
;179;222;71;
3
(-5.537060,10.801120,-47.341380)
(4.061640,12.937540,-41.516000)
(-5.077940,12.937540,-41.515980)
;200;77;18;
3
(4.520700,10.801120,-47.341400)
(7.689280,7.152920,-47.341420)
(4.061640,12.937540,-41.516000)
;139;187;67;
3
(7.689280,7.152920,-47.341420)
(6.789120,-5.396360,-58.394220)
(7.760360,6.999860,-41.515820)
;3;31;166;
3
(6.789120,-5.396360,-58.394220)
(-7.805500,-5.396360,-58.394180)
(-8.624460,-8.012060,-43.280780)
;9;125;90;
3
(-7.805500,-5.396360,-58.394180)
(-8.776660,6.999860,-41.515780)
(-8.624460,-8.012060,-43.280780)
;31;37;56;
3
(-7.481560,9.068320,-37.780580)
(-8.613040,6.283260,-31.667040)
(-8.722120,6.761000,-38.232860)
;203;212;93;
3
(-7.122660,-5.354820,-38.166380)
(6.106360,-5.921880,-32.167960)
(-7.122640,-5.921880,-32.167920)
;245;150;252;
3
(4.061640,12.937540,-41.516000)
(7.760360,6.999860,-41.515820)
(6.465260,9.068320,-37.780620)
;19;59;69;
3
(7.500780,-10.226540,-20.610820)
(7.378660,5.327820,-18.535440)
(7.487720,5.805540,-25.101260)
;10;137;13;
3
(-8.624460,-8.012060,-43.280780)
(-8.517020,-10.226560,-20.610780)
(7.500780,-10.226540,-20.610820)
;174;219;28;
3
(-8.624460,-8.012060,-43.280780)
(-8.776660,6.999860,-41.515780)
(-8.722120,6.761000,-38.232860)
;154;32;50;
3
(-8.340320,5.088940,-15.252500)
(-4.956980,10.070820,-15.252640)
(-2.547260,1.161040,59.306200)
;64;238;80;
3
(3.940800,10.070820,-15.252680)
(7.324120,5.088960,-15.252540)
(1.531500,1.161040,59.306200)
;253;54;120;
3
(7.324120,5.088960,-15.252540)
(1.531500,-5.358420,59.306400)
(1.531500,1.161040,59.306200)
;50;73;18;
3
(7.500780,-10.226540,-20.610820)
(-8.517020,-10.226560,-20.610780)
(-2.547260,-5.358420,59.306400)
;125;158;246;
3
(-8.517020,-10.226560,-20.610780)
(-8.340320,5.088940,-15.252500)
(-2.547260,-5.358420,59.306400)
;173;220;73;
3
(4.001220,11.504180,-28.384340)
(7.542220,6.044400,-28.384180)
(6.487440,7.686500,-24.738020)
;242;20;79;
3
(-7.122620,-6.682640,-25.304840)
(6.106400,-7.318320,-19.087040)
(-7.122600,-7.318320,-19.087000)
;102;64;68;
3
(-7.503660,7.686500,-24.737980)
(-8.394860,5.327800,-18.535400)
(-8.503940,5.805540,-25.101220)
;196;107;208;
3
(-5.077940,12.937540,-41.515980)
(4.061640,12.937540,-41.516000)
(-4.167700,12.852440,-40.736280)
;50;183;48;
3
(6.465260,9.068320,-37.780620)
(5.076240,9.068320,-37.780620)
(3.151400,12.852440,-40.736300)
;34;161;59;
3
(-4.119260,11.419080,-27.951640)
(-5.017480,11.504180,-28.384320)
(-4.119260,11.589760,-28.821280)
;145;34;246;
3
(-7.481560,9.068320,-37.780580)
(-6.055460,8.662680,-32.028580)
(-7.435260,8.662680,-32.028580)
;139;225;157;
3
(6.487440,7.686500,-24.738020)
(5.094000,7.686500,-24.738020)
(3.103000,11.419080,-27.951640)
;176;218;31;
3
(-4.956980,10.070820,-15.252640)
(-4.070820,10.156380,-16.036600)
(3.054640,10.156380,-16.036620)
;2;153;202;
3
(-7.503660,7.686500,-24.737980)
(-6.072520,7.099060,-18.535560)
(-7.456580,7.099060,-18.535560)
;157;114;185;
3
(-4.167700,12.852440,-40.736280)
(6.106340,-0.966840,-40.736320)
(-7.122660,-0.966840,-40.736280)
;128;44;73;
3
(5.076240,9.068320,-37.780620)
(6.106340,-1.248440,-37.757560)
(6.106340,-0.966840,-40.736320)
;153;197;126;
3
(3.103000,11.589760,-28.821280)
(-4.119260,11.589760,-28.821280)
(-7.122640,-2.093220,-28.821260)
;128;233;213;
3
(-4.119260,11.589760,-28.821280)
(-6.055460,8.662680,-32.028580)
(-7.122640,-1.811620,-31.800020)
;201;234;178;
3
(-4.119260,11.419080,-27.951640)
(6.106360,-2.263900,-27.951660)
(-7.122640,-2.263900,-27.951620)
;191;83;204;
3
(5.094000,7.686500,-24.738020)
(6.106380,-2.579560,-24.863960)
(6.106360,-2.263900,-27.951660)
;191;214;103;
3
(3.054640,10.156380,-16.036620)
(-4.070820,10.156380,-16.036600)
(-7.122600,-3.526580,-15.600840)
;126;214;20;
3
(-4.070820,10.156380,-16.036600)
(-6.072520,7.099060,-18.535560)
(-7.122600,-3.210900,-18.688540)
;142;220;45;
3
(-7.122660,-0.966840,-40.736280)
(6.106340,-0.966840,-40.736320)
(-7.122660,-5.354820,-38.166380)
;239;131;102;
3
(6.106340,-0.966840,-40.736320)
(6.106340,-1.248440,-37.757560)
(6.106340,-5.354820,-38.166420)
;97;73;87;
3
(-7.122640,-2.093220,-28.821260)
(-7.122640,-5.921880,-32.167920)
(6.106360,-5.921880,-32.167960)
;143;105;255;
3
(-7.122640,-2.093220,-28.821260)
(-7.122640,-1.811620,-31.800020)
(-7.122640,-5.921880,-32.167920)
;209;205;97;
3
(-7.122640,-2.263900,-27.951620)
(6.106360,-2.263900,-27.951660)
(-7.122620,-6.682640,-25.304840)
;156;157;30;
3
(6.106360,-2.263900,-27.951660)
(6.106380,-2.579560,-24.863960)
(6.106380,-6.682640,-25.304880)
;114;114;22;
3
(-7.122600,-3.526580,-15.600840)
(-7.122600,-7.318320,-19.087000)
(6.106400,-7.318320,-19.087040)
;240;29;230;
3
(-7.122600,-3.526580,-15.600840)
(-7.122600,-3.210900,-18.688540)
(-7.122600,-7.318320,-19.087000)
;74;79;132;
3
(6.440400,7.099060,-18.535600)
(6.487440,7.686500,-24.738020)
(7.378660,5.327820,-18.535440)
;215;2;119;
3
(5.056340,7.099060,-18.535600)
(5.094000,7.686500,-24.738020)
(6.487440,7.686500,-24.738020)
;44;57;232;
3
(-4.070820,10.156380,-16.036600)
(-4.956980,10.070820,-15.252640)
(-7.456580,7.099060,-18.535560)
;201;203;83;
3
(-7.456580,7.099060,-18.535560)
(-8.340320,5.088940,-15.252500)
(-8.394860,5.327800,-18.535400)
;51;30;18;
3
(6.419020,8.662680,-32.028620)
(6.465260,9.068320,-37.780620)
(7.596760,6.283280,-31.667080)
;12;158;116;
3
(5.039200,8.662680,-32.028620)
(5.076240,9.068320,-37.780620)
(6.465260,9.068320,-37.780620)
;212;213;244;
3
(-4.119260,11.589760,-28.821280)
(-5.017480,11.504180,-28.384320)
(-7.435260,8.662680,-32.028580)
;164;212;159;
3
(-7.435260,8.662680,-32.028580)
(-8.558500,6.044400,-28.384140)
(-8.613040,6.283260,-31.667040)
;53;126;89;
3
(6.106360,-1.811620,-31.800060)
(6.106340,-1.248440,-37.757560)
(5.076240,9.068320,-37.780620)
;34;50;207;
3
(6.106340,-5.354820,-38.166420)
(6.106340,-1.248440,-37.757560)
(6.106360,-1.811620,-31.800060)
;207;204;244;
3
(6.106400,-3.210900,-18.688580)
(6.106380,-2.579560,-24.863960)
(5.094000,7.686500,-24.738020)
;45;144;211;
3
(6.106380,-6.682640,-25.304880)
(6.106380,-2.579560,-24.863960)
(6.106400,-3.210900,-18.688580)
;143;211;72;
3
(-7.122600,-3.210900,-18.688540)
(-6.072520,7.099060,-18.535560)
(-6.110220,7.686500,-24.737980)
;217;230;117;
3
(-7.122600,-7.318320,-19.087000)
(-7.122600,-3.210900,-18.688540)
(-7.122620,-6.682640,-25.304840)
;229;42;29;
3
(-7.122640,-1.811620,-31.800020)
(-6.055460,8.662680,-32.028580)
(-6.092540,9.068320,-37.780580)
;43;247;192;
3
(-7.122640,-5.921880,-32.167920)
(-7.122640,-1.811620,-31.800020)
(-7.122660,-5.354820,-38.166380)
;135;129;120;
3
(6.419020,8.662680,-32.028620)
(7.542220,6.044400,-28.384180)
(4.001220,11.504180,-28.384340)
;95;14;68;
3
(5.039200,8.662680,-32.028620)
(6.419020,8.662680,-32.028620)
(3.103000,11.589760,-28.821280)
;212;0;80;
3
(6.106360,-1.811620,-31.800060)
(3.103000,11.589760,-28.821280)
(6.106360,-2.093220,-28.821300)
;190;141;97;
3
(6.106360,-5.921880,-32.167960)
(6.106360,-1.811620,-31.800060)
(6.106360,-2.093220,-28.821300)
;21;5;123;
3
(-7.481560,9.068320,-37.780580)
(-8.722120,6.761000,-38.232860)
(-8.776660,6.999860,-41.515780)
;51;59;7;
3
(-6.092540,9.068320,-37.780580)
(-7.481560,9.068320,-37.780580)
(-4.167700,12.852440,-40.736280)
;24;31;130;
3
(-6.092540,9.068320,-37.780580)
(-4.167700,12.852440,-40.736280)
(-7.122660,-0.966840,-40.736280)
;218;146;112;
3
(-7.122660,-5.354820,-38.166380)
(-7.122660,-1.248440,-37.757520)
(-7.122660,-0.966840,-40.736280)
;206;84;100;
3
(-7.503660,7.686500,-24.737980)
(-8.503940,5.805540,-25.101220)
(-8.558500,6.044400,-28.384140)
;62;133;177;
3
(-7.503660,7.686500,-24.737980)
(-5.017480,11.504180,-28.384320)
(-4.119260,11.419080,-27.951640)
;248;21;105;
3
(-6.110220,7.686500,-24.737980)
(-4.119260,11.419080,-27.951640)
(-7.122640,-2.263900,-27.951620)
;4;106;70;
3
(-7.122620,-6.682640,-25.304840)
(-7.122620,-2.579560,-24.863920)
(-7.122640,-2.263900,-27.951620)
;14;115;150;
3
(6.440400,7.099060,-18.535600)
(7.324120,5.088960,-15.252540)
(3.940800,10.070820,-15.252680)
;47;22;217;
3
(5.056340,7.099060,-18.535600)
(6.440400,7.099060,-18.535600)
(3.054640,10.156380,-16.036620)
;212;104;103;
3
(6.106400,-3.210900,-18.688580)
(3.054640,10.156380,-16.036620)
(6.106400,-3.526580,-15.600880)
;74;74;247;
3
(6.106400,-7.318320,-19.087040)
(6.106400,-3.210900,-18.688580)
(6.106400,-3.526580,-15.600880)
;104;87;208;
3
(6.789120,-5.396360,-58.394220)
(5.999340,11.257540,-71.730020)
(5.999340,2.695320,-74.100420)
;22;250;118;
3
(7.760360,6.999860,-41.515820)
(6.789120,-5.396360,-58.394220)
(7.607760,-7.997180,-43.280820)
;173;17;187;
3
(-7.805500,-5.396360,-58.394180)
(-7.015820,11.257540,-71.729980)
(-8.705640,7.152920,-47.341380)
;136;36;174;
3
(-8.776660,6.999860,-41.515780)
(-7.805500,-5.396360,-58.394180)
(-8.705640,7.152920,-47.341380)
;82;254;121;
3
(7.607760,-7.997180,-43.280820)
(7.705820,6.761000,-38.232900)
(7.760360,6.999860,-41.515820)
;67;37;219;
3
(7.607760,-7.997180,-43.280820)
(7.596760,6.283280,-31.667080)
(7.705820,6.761000,-38.232900)
;244;60;229;
3
(7.607760,-7.997180,-43.280820)
(7.542220,6.044400,-28.384180)
(7.596760,6.283280,-31.667080)
;216;211;69;
3
(7.500780,-10.226540,-20.610820)
(7.542220,6.044400,-28.384180)
(7.607760,-7.997180,-43.280820)
;11;206;40;
3
(7.500780,-10.226540,-20.610820)
(7.487720,5.805540,-25.101260)
(7.542220,6.044400,-28.384180)
;96;197;245;
3
(7.378660,5.327820,-18.535440)
(7.500780,-10.226540,-20.610820)
(7.324120,5.088960,-15.252540)
;151;61;89;
3
(-8.624460,-8.012060,-43.280780)
(-8.558500,6.044400,-28.384140)
(-8.517020,-10.226560,-20.610780)
;89;138;39;
3
(-8.613040,6.283260,-31.667040)
(-8.624460,-8.012060,-43.280780)
(-8.722120,6.761000,-38.232860)
;208;45;118;
3
(-8.558500,6.044400,-28.384140)
(-8.624460,-8.012060,-43.280780)
(-8.613040,6.283260,-31.667040)
;205;201;194;
3
(-8.517020,-10.226560,-20.610780)
(-8.503940,5.805540,-25.101220)
(-8.394860,5.327800,-18.535400)
;73;212;104;
3
(-8.503940,5.805540,-25.101220)
(-8.517020,-10.226560,-20.610780)
(-8.558500,6.044400,-28.384140)
;37;121;106;
3
(-8.517020,-10.226560,-20.610780)
(-8.394860,5.327800,-18.535400)
(-8.340320,5.088940,-15.252500)
;64;97;8;
3
(1.531500,-5.358420,59.306400)
(7.324120,5.088960,-15.252540)
(7.500780,-10.226540,-20.610820)
;59;177;20;
3
(-2.547260,-5.358420,59.306400)
(-8.340320,5.088940,-15.252500)
(-2.547260,1.161040,59.306200)
;17;165;106;
3
(4.061640,12.937540,-41.516000)
(7.689280,7.152920,-47.341420)
(7.760360,6.999860,-41.515820)
;140;193;40;
3
(-5.077940,12.937540,-41.515980)
(-8.705640,7.152920,-47.341380)
(-5.537060,10.801120,-47.341380)
;11;169;214;
3
(6.465260,9.068320,-37.780620)
(7.760360,6.999860,-41.515820)
(7.705820,6.761000,-38.232900)
;140;151;135;
3
(7.596760,6.283280,-31.667080)
(6.465260,9.068320,-37.780620)
(7.705820,6.761000,-38.232900)
;21;241;47;
3
(-7.481560,9.068320,-37.780580)
(-8.776660,6.999860,-41.515780)
(-5.077940,12.937540,-41.515980)
;149;154;29;
3
(-8.613040,6.283260,-31.667040)
(-7.481560,9.068320,-37.780580)
(-7.435260,8.662680,-32.028580)
;225;155;193;
3
(-8.558500,6.044400,-28.384140)
(-7.435260,8.662680,-32.028580)
(-5.017480,11.504180,-28.384320)
;233;126;192;
3
(-7.503660,7.686500,-24.737980)
(-8.558500,6.044400,-28.384140)
(-5.017480,11.504180,-28.384320)
;167;154;168;
3
(-8.394860,5.327800,-18.535400)
(-7.503660,7.686500,-24.737980)
(-7.456580,7.099060,-18.535560)
;181;194;134;
3
(7.542220,6.044400,-28.384180)
(6.419020,8.662680,-32.028620)
(7.596760,6.283280,-31.667080)
;154;191;84;
3
(6.487440,7.686500,-24.738020)
(7.542220,6.044400,-28.384180)
(7.487720,5.805540,-25.101260)
;35;217;231;
3
(7.378660,5.327820,-18.535440)
(6.487440,7.686500,-24.738020)
(7.487720,5.805540,-25.101260)
;144;85;209;
3
(7.324120,5.088960,-15.252540)
(6.440400,7.099060,-18.535600)
(7.378660,5.327820,-18.535440)
;209;40;56;
3
(-8.340320,5.088940,-15.252500)
(-7.456580,7.099060,-18.535560)
(-4.956980,10.070820,-15.252640)
;161;108;217;
3
(-4.119260,11.419080,-27.951640)
(3.103000,11.589760,-28.821280)
(3.103000,11.419080,-27.951640)
;78;94;102;
3
(3.103000,11.589760,-28.821280)
(-4.119260,11.419080,-27.951640)
(-4.119260,11.589760,-28.821280)
;156;48;225;
3
(3.103000,11.419080,-27.951640)
(3.103000,11.589760,-28.821280)
(4.001220,11.504180,-28.384340)
;113;217;254;
3
(-4.167700,12.852440,-40.736280)
(-7.481560,9.068320,-37.780580)
(-5.077940,12.937540,-41.515980)
;165;226;159;
3
(-6.055460,8.662680,-32.028580)
(-7.481560,9.068320,-37.780580)
(-6.092540,9.068320,-37.780580)
;155;12;226;
3
(6.465260,9.068320,-37.780620)
(3.151400,12.852440,-40.736300)
(4.061640,12.937540,-41.516000)
;101;71;180;
3
(5.039200,8.662680,-32.028620)
(6.465260,9.068320,-37.780620)
(6.419020,8.662680,-32.028620)
;70;42;56;
3
(-4.119260,11.589760,-28.821280)
(-7.435260,8.662680,-32.028580)
(-6.055460,8.662680,-32.028580)
;130;169;137;
3
(3.103000,11.589760,-28.821280)
(6.419020,8.662680,-32.028620)
(4.001220,11.504180,-28.384340)
;118;122;121;
3
(6.487440,7.686500,-24.738020)
(3.103000,11.419080,-27.951640)
(4.001220,11.504180,-28.384340)
;99;194;120;
3
(5.056340,7.099060,-18.535600)
(6.487440,7.686500,-24.738020)
(6.440400,7.099060,-18.535600)
;223;38;177;
3
(3.054640,10.156380,-16.036620)
(6.440400,7.099060,-18.535600)
(3.940800,10.070820,-15.252680)
;109;41;218;
3
(-7.503660,7.686500,-24.737980)
(-4.119260,11.419080,-27.951640)
(-6.110220,7.686500,-24.737980)
;224;98;62;
3
(-6.072520,7.099060,-18.535560)
(-7.503660,7.686500,-24.737980)
(-6.110220,7.686500,-24.737980)
;52;18;150;
3
(-4.070820,10.156380,-16.036600)
(-7.456580,7.099060,-18.535560)
(-6.072520,7.099060,-18.535560)
;166;57;191;
3
(5.999340,11.257540,-71.730020)
(-7.015820,2.695320,-74.100380)
(5.999340,2.695320,-74.100420)
;94;137;63;
3
(-5.537060,10.801120,-47.341380)
(5.999340,11.257540,-71.730020)
(4.520700,10.801120,-47.341400)
;14;109;241;
3
(4.061640,12.937540,-41.516000)
(-5.537060,10.801120,-47.341380)
(4.520700,10.801120,-47.341400)
;40;108;227;
3
(-4.167700,12.852440,-40.736280)
(4.061640,12.937540,-41.516000)
(3.151400,12.852440,-40.736300)
;32;30;161;
3
(6.106340,-0.966840,-40.736320)
(-4.167700,12.852440,-40.736280)
(3.151400,12.852440,-40.736300)
;194;203;29;
3
(-7.122660,-5.354820,-38.166380)
(6.106340,-0.966840,-40.736320)
(6.106340,-5.354820,-38.166420)
;65;63;3;
3
(6.106360,-5.921880,-32.167960)
(-7.122660,-5.354820,-38.166380)
(6.106340,-5.354820,-38.166420)
;15;132;7;
3
(-7.122640,-2.093220,-28.821260)
(6.106360,-5.921880,-32.167960)
(6.106360,-2.093220,-28.821300)
;101;5;20;
3
(3.103000,11.589760,-28.821280)
(-7.122640,-2.093220,-28.821260)
(6.106360,-2.093220,-28.821300)
;97;40;27;
3
(6.106360,-2.263900,-27.951660)
(-4.119260,11.419080,-27.951640)
(3.103000,11.419080,-27.951640)
;231;197;201;
3
(-7.122620,-6.682640,-25.304840)
(6.106360,-2.263900,-27.951660)
(6.106380,-6.682640,-25.304880)
;70;142;44;
3
(6.106400,-7.318320,-19.087040)
(-7.122620,-6.682640,-25.304840)
(6.106380,-6.682640,-25.304880)
;220;8;54;
3
(-7.122600,-3.526580,-15.600840)
(6.106400,-7.318320,-19.087040)
(6.106400,-3.526580,-15.600880)
;141;168;243;
3
(3.054640,10.156380,-16.036620)
(-7.122600,-3.526580,-15.600840)
(6.106400,-3.526580,-15.600880)
;242;190;254;
3
(-4.956980,10.070820,-15.252640)
(3.054640,10.156380,-16.036620)
(3.940800,10.070820,-15.252680)
;255;113;235;
3
(1.531500,1.161040,59.306200)
(-4.956980,10.070820,-15.252640)
(3.940800,10.070820,-15.252680)
;59;208;160;
3
(-2.547260,-5.358420,59.306400)
(1.531500,1.161040,59.306200)
(1.531500,-5.358420,59.306400)
;140;6;117;
3
(7.500780,-10.226540,-20.610820)
(-2.547260,-5.358420,59.306400)
(1.531500,-5.358420,59.306400)
;120;135;126;
3
(-8.624460,-8.012060,-43.280780)
(7.500780,-10.226540,-20.610820)
(7.607760,-7.997180,-43.280820)
;208;77;115;
3
(6.789120,-5.396360,-58.394220)
(-8.624460,-8.012060,-43.280780)
(7.607760,-7.997180,-43.280820)
;190;130;190;
3
(-7.015820,2.695320,-74.100380)
(6.789120,-5.396360,-58.394220)
(5.999340,2.695320,-74.100420)
;70;194;219;
3
(5.076240,9.068320,-37.780620)
(6.106340,-0.966840,-40.736320)
(3.151400,12.852440,-40.736300)
;140;43;65;
3
(6.106360,-1.811620,-31.800060)
(5.076240,9.068320,-37.780620)
(5.039200,8.662680,-32.028620)
;127;48;250;
3
(3.103000,11.589760,-28.821280)
(6.106360,-1.811620,-31.800060)
(5.039200,8.662680,-32.028620)
;167;240;112;
3
(5.094000,7.686500,-24.738020)
(6.106360,-2.263900,-27.951660)
(3.103000,11.419080,-27.951640)
;50;134;84;
3
(6.106400,-3.210900,-18.688580)
(5.094000,7.686500,-24.738020)
(5.056340,7.099060,-18.535600)
;91;170;149;
3
(3.054640,10.156380,-16.036620)
(6.106400,-3.210900,-18.688580)
(5.056340,7.099060,-18.535600)
;11;19;104;
3
(-6.092540,9.068320,-37.780580)
(-7.122660,-0.966840,-40.736280)
(-7.122660,-1.248440,-37.757520)
;245;252;230;
3
(-7.122640,-1.811620,-31.800020)
(-6.092540,9.068320,-37.780580)
(-7.122660,-1.248440,-37.757520)
;125;190;202;
3
(-4.119260,11.589760,-28.821280)
(-7.122640,-1.811620,-31.800020)
(-7.122640,-2.093220,-28.821260)
;138;137;159;
3
(-6.110220,7.686500,-24.737980)
(-7.122640,-2.263900,-27.951620)
(-7.122620,-2.579560,-24.863920)
;253;27;65;
3
(-7.122600,-3.210900,-18.688540)
(-6.110220,7.686500,-24.737980)
(-7.122620,-2.579560,-24.863920)
;104;79;184;
3
(-4.070820,10.156380,-16.036600)
(-7.122600,-3.210900,-18.688540)
(-7.122600,-3.526580,-15.600840)
;123;114;246;
3
(-7.122620,-6.682640,-25.304840)
(-7.122600,-3.210900,-18.688540)
(-7.122620,-2.579560,-24.863920)
;205;153;20;
3
(-7.122660,-5.354820,-38.166380)
(-7.122640,-1.811620,-31.800020)
(-7.122660,-1.248440,-37.757520)
;240;13;211;
3
(6.106340,-5.354820,-38.166420)
(6.106360,-1.811620,-31.800060)
(6.106360,-5.921880,-32.167960)
;180;58;68;
3
(6.106380,-6.682640,-25.304880)
(6.106400,-3.210900,-18.688580)
(6.106400,-7.318320,-19.087040)
;83;102;166;
3
(-73.566120,-3.715460,-50.189420)
(-71.071520,-3.715460,-50.189420)
(-71.071540,24.047760,-52.084820)
;203;11;51;
3
(-73.566140,24.047760,-52.084820)
(-73.566120,-3.715460,-50.189420)
(-71.071540,24.047760,-52.084820)
;94;16;161;
3
(-73.566120,-3.941240,-47.398220)
(-71.071520,-3.941240,-47.398220)
(-71.071520,-3.715460,-50.189420)
;3;236;76;
3
(-73.566120,-3.715460,-50.189420)
(-73.566120,-3.941240,-47.398220)
(-71.071520,-3.715460,-50.189420)
;230;115;76;
3
(-73.566120,23.692960,-49.498420)
(-71.071520,23.692960,-49.498420)
(-71.071520,-3.941240,-47.398220)
;49;180;5;
3
(-73.566120,-3.941240,-47.398220)
(-73.566120,23.692960,-49.498420)
(-71.071520,-3.941240,-47.398220)
;173;170;14;
3
(-73.566140,24.047760,-52.084820)
(-71.071540,24.047760,-52.084820)
(-71.071520,23.692960,-49.498420)
;176;213;207;
3
(-73.566120,23.692960,-49.498420)
(-73.566140,24.047760,-52.084820)
(-71.071520,23.692960,-49.498420)
;255;39;202;
3
(-71.071520,-3.941240,-47.398220)
(-71.071520,23.692960,-49.498420)
(-71.071520,-3.715460,-50.189420)
;20;157;216;
3
(-71.071520,-3.715460,-50.189420)
(-71.071520,23.692960,-49.498420)
(-71.071540,24.047760,-52.084820)
;121;244;77;
3
(-73.566120,23.692960,-49.498420)
(-73.566120,-3.941240,-47.398220)
(-73.566120,-3.715460,-50.189420)
;66;89;39;
3
(-73.566120,23.692960,-49.498420)
(-73.566120,-3.715460,-50.189420)
(-73.566140,24.047760,-52.084820)
;193;156;124;
3
(-73.460280,-5.528180,-31.192420)
(-70.965880,-5.528180,-31.192420)
(-70.965880,22.319560,-33.097220)
;140;205;248;
3
(-73.460280,22.319560,-33.097220)
(-73.460280,-5.528180,-31.192420)
(-70.965880,22.319560,-33.097220)
;35;32;135;
3
(-73.460280,-5.875440,-28.414020)
(-70.965880,-5.875440,-28.414020)
(-70.965880,-5.528180,-31.192420)
;166;184;100;
3
(-73.460280,-5.528180,-31.192420)
(-73.460280,-5.875440,-28.414020)
(-70.965880,-5.528180,-31.192420)
;76;149;135;
3
(-73.460280,22.009940,-30.504820)
(-70.965880,22.009940,-30.504820)
(-70.965880,-5.875440,-28.414020)
;141;90;176;
3
(-73.460280,-5.875440,-28.414020)
(-73.460280,22.009940,-30.504820)
(-70.965880,-5.875440,-28.414020)
;153;45;78;
3
(-73.460280,22.319560,-33.097220)
(-70.965880,22.319560,-33.097220)
(-70.965880,22.009940,-30.504820)
;177;61;231;
3
(-73.460280,22.009940,-30.504820)
(-73.460280,22.319560,-33.097220)
(-70.965880,22.009940,-30.504820)
;177;222;96;
3
(-70.965880,-5.875440,-28.414020)
(-70.965880,22.009940,-30.504820)
(-70.965880,-5.528180,-31.192420)
;8;173;128;
3
(-70.965880,-5.528180,-31.192420)
(-70.965880,22.009940,-30.504820)
(-70.965880,22.319560,-33.097220)
;103;233;65;
3
(-73.460280,22.009940,-30.504820)
(-73.460280,-5.875440,-28.414020)
(-73.460280,-5.528180,-31.192420)
;213;165;65;
3
(-73.460280,22.009940,-30.504820)
(-73.460280,-5.528180,-31.192420)
(-73.460280,22.319560,-33.097220)
;24;228;159;
3
(-34.837320,-3.715460,-50.189500)
(-32.342920,-3.715460,-50.189520)
(-32.342940,24.047760,-52.084920)
;66;21;159;
3
(-34.837340,24.047760,-52.084900)
(-34.837320,-3.715460,-50.189500)
(-32.342940,24.047760,-52.084920)
;254;38;0;
3
(-34.837320,-3.941240,-47.398300)
(-32.342920,-3.941240,-47.398320)
(-32.342920,-3.715460,-50.189520)
;33;209;76;
3
(-34.837320,-3.715460,-50.189500)
(-34.837320,-3.941240,-47.398300)
(-32.342920,-3.715460,-50.189520)
;47;147;4;
3
(-34.837320,23.692960,-49.498520)
(-32.342920,23.692960,-49.498520)
(-32.342920,-3.941240,-47.398320)
;115;143;179;
3
(-34.837320,-3.941240,-47.398300)
(-34.837320,23.692960,-49.498520)
(-32.342920,-3.941240,-47.398320)
;67;64;83;
3
(-34.837340,24.047760,-52.084900)
(-32.342940,24.047760,-52.084920)
(-32.342920,23.692960,-49.498520)
;126;175;138;
3
(-34.837320,23.692960,-49.498520)
(-34.837340,24.047760,-52.084900)
(-32.342920,23.692960,-49.498520)
;213;111;202;
3
(-32.342920,-3.941240,-47.398320)
(-32.342920,23.692960,-49.498520)
(-32.342920,-3.715460,-50.189520)
;161;211;207;
3
(-32.342920,-3.715460,-50.189520)
(-32.342920,23.692960,-49.498520)
(-32.342940,24.047760,-52.084920)
;90;206;149;
3
(-34.837320,23.692960,-49.498520)
(-34.837320,-3.941240,-47.398300)
(-34.837320,-3.715460,-50.189500)
;39;101;190;
3
(-34.837320,23.692960,-49.498520)
(-34.837320,-3.715460,-50.189500)
(-34.837340,24.047760,-52.084900)
;7;246;42;
3
(-34.731480,-5.528180,-31.192520)
(-32.237080,-5.528180,-31.192520)
(-32.237080,22.319560,-33.097320)
;190;161;173;
3
(-34.731480,22.319560,-33.097320)
(-34.731480,-5.528180,-31.192520)
(-32.237080,22.319560,-33.097320)
;180;166;101;
3
(-34.731480,-5.875440,-28.414120)
(-32.237080,-5.875440,-28.414120)
(-32.237080,-5.528180,-31.192520)
;105;192;201;
3
(-34.731480,-5.528180,-31.192520)
(-34.731480,-5.875440,-28.414120)
(-32.237080,-5.528180,-31.192520)
;9;52;50;
3
(-34.731480,22.009940,-30.504920)
(-32.237080,22.009940,-30.504920)
(-32.237080,-5.875440,-28.414120)
;1;77;44;
3
(-34.731480,-5.875440,-28.414120)
(-34.731480,22.009940,-30.504920)
(-32.237080,-5.875440,-28.414120)
;86;23;143;
3
(-34.731480,22.319560,-33.097320)
(-32.237080,22.319560,-33.097320)
(-32.237080,22.009940,-30.504920)
;157;219;198;
3
(-34.731480,22.009940,-30.504920)
(-34.731480,22.319560,-33.097320)
(-32.237080,22.009940,-30.504920)
;216;166;200;
3
(-32.237080,-5.875440,-28.414120)
(-32.237080,22.009940,-30.504920)
(-32.237080,-5.528180,-31.192520)
;129;136;11;
3
(-32.237080,-5.528180,-31.192520)
(-32.237080,22.009940,-30.504920)
(-32.237080,22.319560,-33.097320)
;107;97;56;
3
(-34.731480,22.009940,-30.504920)
(-34.731480,-5.875440,-28.414120)
(-34.731480,-5.528180,-31.192520)
;98;18;104;
3
(-34.731480,22.009940,-30.504920)
(-34.731480,-5.528180,-31.192520)
(-34.731480,22.319560,-33.097320)
;208;84;249;
3
(30.880880,-3.715460,-50.189680)
(33.375280,-3.715460,-50.189680)
(33.375260,24.047760,-52.085080)
;23;113;231;
3
(30.880860,24.047760,-52.085080)
(30.880880,-3.715460,-50.189680)
(33.375260,24.047760,-52.085080)
;13;120;72;
3
(30.880880,-3.941240,-47.398480)
(33.375280,-3.941240,-47.398480)
(33.375280,-3.715460,-50.189680)
;29;41;146;
3
(30.880880,-3.715460,-50.189680)
(30.880880,-3.941240,-47.398480)
(33.375280,-3.715460,-50.189680)
;153;41;134;
3
(30.880880,23.692960,-49.498680)
(33.375280,23.692960,-49.498680)
(33.375280,-3.941240,-47.398480)
;116;219;114;
3
(30.880880,-3.941240,-47.398480)
(30.880880,23.692960,-49.498680)
(33.375280,-3.941240,-47.398480)
;79;250;28;
3
(30.880860,24.047760,-52.085080)
(33.375260,24.047760,-52.085080)
(33.375280,23.692960,-49.498680)
;181;184;55;
3
(30.880880,23.692960,-49.498680)
(30.880860,24.047760,-52.085080)
(33.375280,23.692960,-49.498680)
;87;149;176;
3
(33.375280,-3.941240,-47.398480)
(33.375280,23.692960,-49.498680)
(33.375280,-3.715460,-50.189680)
;128;223;245;
3
(33.375280,-3.715460,-50.189680)
(33.375280,23.692960,-49.498680)
(33.375260,24.047760,-52.085080)
;141;109;108;
3
(30.880880,23.692960,-49.498680)
(30.880880,-3.941240,-47.398480)
(30.880880,-3.715460,-50.189680)
;139;217;116;
3
(30.880880,23.692960,-49.498680)
(30.880880,-3.715460,-50.189680)
(30.880860,24.047760,-52.085080)
;17;101;67;
3
(30.986920,-5.528180,-31.192680)
(33.481320,-5.528180,-31.192680)
(33.481320,22.319560,-33.097480)
;246;165;8;
3
(30.986920,22.319560,-33.097480)
(30.986920,-5.528180,-31.192680)
(33.481320,22.319560,-33.097480)
;247;189;121;
3
(30.986920,-5.875420,-28.414280)
(33.481320,-5.875420,-28.414280)
(33.481320,-5.528180,-31.192680)
;184;21;235;
3
(30.986920,-5.528180,-31.192680)
(30.986920,-5.875420,-28.414280)
(33.481320,-5.528180,-31.192680)
;96;225;224;
3
(30.986920,22.009940,-30.505080)
(33.481320,22.009940,-30.505080)
(33.481320,-5.875420,-28.414280)
;60;110;143;
3
(30.986920,-5.875420,-28.414280)
(30.986920,22.009940,-30.505080)
(33.481320,-5.875420,-28.414280)
;91;244;123;
3
(30.986920,22.319560,-33.097480)
(33.481320,22.319560,-33.097480)
(33.481320,22.009940,-30.505080)
;138;138;98;
3
(30.986920,22.009940,-30.505080)
(30.986920,22.319560,-33.097480)
(33.481320,22.009940,-30.505080)
;92;39;143;
3
(33.481320,-5.875420,-28.414280)
(33.481320,22.009940,-30.505080)
(33.481320,-5.528180,-31.192680)
;135;229;247;
3
(33.481320,-5.528180,-31.192680)
(33.481320,22.009940,-30.505080)
(33.481320,22.319560,-33.097480)
;50;59;74;
3
(30.986920,22.009940,-30.505080)
(30.986920,-5.875420,-28.414280)
(30.986920,-5.528180,-31.192680)
;64;97;155;
3
(30.986920,22.009940,-30.505080)
(30.986920,-5.528180,-31.192680)
(30.986920,22.319560,-33.097480)
;195;198;132;
3
(71.992480,-3.715440,-50.189780)
(74.486880,-3.715440,-50.189800)
(74.486860,24.047760,-52.085180)
;48;167;177;
3
(71.992460,24.047760,-52.085180)
(71.992480,-3.715440,-50.189780)
(74.486860,24.047760,-52.085180)
;238;16;74;
3
(71.992480,-3.941220,-47.398580)
(74.486880,-3.941220,-47.398600)
(74.486880,-3.715440,-50.189800)
;3;111;117;
3
(71.992480,-3.715440,-50.189780)
(71.992480,-3.941220,-47.398580)
(74.486880,-3.715440,-50.189800)
;106;158;47;
3
(71.992480,23.692960,-49.498780)
(74.486880,23.692960,-49.498800)
(74.486880,-3.941220,-47.398600)
;80;16;239;
3
(71.992480,-3.941220,-47.398580)
(71.992480,23.692960,-49.498780)
(74.486880,-3.941220,-47.398600)
;129;200;155;
3
(71.992460,24.047760,-52.085180)
(74.486860,24.047760,-52.085180)
(74.486880,23.692960,-49.498800)
;40;41;67;
3
(71.992480,23.692960,-49.498780)
(71.992460,24.047760,-52.085180)
(74.486880,23.692960,-49.498800)
;233;246;138;
3
(74.486880,-3.941220,-47.398600)
(74.486880,23.692960,-49.498800)
(74.486880,-3.715440,-50.189800)
;161;71;158;
3
(74.486880,-3.715440,-50.189800)
(74.486880,23.692960,-49.498800)
(74.486860,24.047760,-52.085180)
;49;72;129;
3
(71.992480,23.692960,-49.498780)
(71.992480,-3.941220,-47.398580)
(71.992480,-3.715440,-50.189780)
;164;205;108;
3
(71.992480,23.692960,-49.498780)
(71.992480,-3.715440,-50.189780)
(71.992460,24.047760,-52.085180)
;129;222;158;
3
(71.992520,-5.528180,-31.192780)
(74.486920,-5.528180,-31.192780)
(74.486920,22.319560,-33.097580)
;152;140;163;
3
(71.992520,22.319560,-33.097580)
(71.992520,-5.528180,-31.192780)
(74.486920,22.319560,-33.097580)
;154;255;16;
3
(71.992540,-5.875420,-28.414380)
(74.486920,-5.875420,-28.414380)
(74.486920,-5.528180,-31.192780)
;207;205;67;
3
(71.992520,-5.528180,-31.192780)
(71.992540,-5.875420,-28.414380)
(74.486920,-5.528180,-31.192780)
;80;199;87;
3
(71.992520,22.009940,-30.505180)
(74.486920,22.009940,-30.505180)
(74.486920,-5.875420,-28.414380)
;189;191;89;
3
(71.992540,-5.875420,-28.414380)
(71.992520,22.009940,-30.505180)
(74.486920,-5.875420,-28.414380)
;3;39;28;
3
(71.992520,22.319560,-33.097580)
(74.486920,22.319560,-33.097580)
(74.486920,22.009940,-30.505180)
;93;127;40;
3
(71.992520,22.009940,-30.505180)
(71.992520,22.319560,-33.097580)
(74.486920,22.009940,-30.505180)
;185;95;137;
3
(74.486920,-5.875420,-28.414380)
(74.486920,22.009940,-30.505180)
(74.486920,-5.528180,-31.192780)
;78;52;73;
3
(74.486920,-5.528180,-31.192780)
(74.486920,22.009940,-30.505180)
(74.486920,22.319560,-33.097580)
;229;60;96;
3
(71.992520,22.009940,-30.505180)
(71.992540,-5.875420,-28.414380)
(71.992520,-5.528180,-31.192780)
;152;2;222;
3
(71.992520,22.009940,-30.505180)
(71.992520,-5.528180,-31.192780)
(71.992520,22.319560,-33.097580)
;13;178;66;
3
(89.475540,21.864240,-21.805240)
(89.475540,20.713080,-21.821780)
(6.908480,20.727280,-22.808120)
;20;182;43;
3
(6.908480,21.878460,-22.791580)
(89.475540,21.864240,-21.805240)
(6.908480,20.727280,-22.808120)
;184;187;236;
3
(92.820320,24.299900,-30.073740)
(92.820320,23.148780,-30.090300)
(89.475540,20.713080,-21.821780)
;226;115;47;
3
(89.475540,21.864240,-21.805240)
(92.820320,24.299900,-30.073740)
(89.475540,20.713080,-21.821780)
;125;126;81;
3
(95.329100,24.690940,-41.701040)
(95.329100,23.539720,-41.717560)
(92.820320,23.148780,-30.090300)
;132;216;29;
3
(92.820320,24.299900,-30.073740)
(95.329100,24.690940,-41.701040)
(92.820320,23.148780,-30.090300)
;1;31;211;
3
(90.869060,24.856800,-53.211860)
(90.869060,23.705760,-53.228380)
(95.329100,23.539720,-41.717560)
;107;80;190;
3
(95.329100,24.690940,-41.701040)
(90.869060,24.856800,-53.211860)
(95.329100,23.539720,-41.717560)
;67;214;22;
3
(-0.557620,24.861520,-53.540400)
(-0.557620,23.710520,-53.557140)
(90.869060,23.705760,-53.228380)
;25;131;33;
3
(90.869060,24.856800,-53.211860)
(-0.557620,24.861520,-53.540400)
(90.869060,23.705760,-53.228380)
;152;24;21;
3
(-90.869340,24.856800,-53.211400)
(-90.869340,23.705760,-53.227940)
(-0.557620,23.710520,-53.557140)
;46;44;43;
3
(-0.557620,24.861520,-53.540400)
(-90.869340,24.856800,-53.211400)
(-0.557620,23.710520,-53.557140)
;14;249;139;
3
(-95.329300,24.676660,-40.714000)
(-95.329300,23.525640,-40.730560)
(-90.869340,23.705760,-53.227940)
;240;188;220;
3
(-90.869340,24.856800,-53.211400)
(-95.329300,24.676660,-40.714000)
(-90.869340,23.705760,-53.227940)
;61;14;202;
3
(-94.214280,24.290380,-29.415500)
(-94.214280,23.139280,-29.432060)
(-95.329300,23.525640,-40.730560)
;49;148;109;
3
(-95.329300,24.676660,-40.714000)
(-94.214280,24.290380,-29.415500)
(-95.329300,23.525640,-40.730560)
;175;116;146;
3
(-90.590660,21.859500,-21.475820)
(-90.590660,20.708320,-21.492360)
(-94.214280,23.139280,-29.432060)
;164;181;141;
3
(-94.214280,24.290380,-29.415500)
(-90.590660,21.859500,-21.475820)
(-94.214280,23.139280,-29.432060)
;94;213;144;
3
(-7.865200,21.878460,-22.791540)
(-7.865200,20.727280,-22.808080)
(-90.590660,20.708320,-21.492360)
;252;64;106;
3
(-90.590660,21.859500,-21.475820)
(-7.865200,21.878460,-22.791540)
(-90.590660,20.708320,-21.492360)
;2;118;128;
3
(-0.278820,24.295140,-29.744540)
(-0.278820,23.144020,-29.761280)
(-7.865200,20.727280,-22.808080)
;107;23;75;
3
(-7.865200,21.878460,-22.791540)
(-0.278820,24.295140,-29.744540)
(-7.865200,20.727280,-22.808080)
;33;177;54;
3
(6.908480,21.878460,-22.791580)
(6.908480,20.727280,-22.808120)
(-0.278820,23.144020,-29.761280)
;90;125;219;
3
(-0.278820,24.295140,-29.744540)
(6.908480,21.878460,-22.791580)
(-0.278820,23.144020,-29.761280)
;30;114;234;
3
(-90.869340,23.705760,-53.227940)
(-95.329300,23.525640,-40.730560)
(-0.557620,23.710520,-53.557140)
;113;141;130;
3
(-95.329300,23.525640,-40.730560)
(-94.214280,23.139280,-29.432060)
(-0.557620,23.710520,-53.557140)
;184;140;168;
3
(-94.214280,23.139280,-29.432060)
(-90.590660,20.708320,-21.492360)
(-0.557620,23.710520,-53.557140)
;78;217;94;
3
(-90.590660,20.708320,-21.492360)
(-7.865200,20.727280,-22.808080)
(-0.557620,23.710520,-53.557140)
;191;250;175;
3
(-7.865200,20.727280,-22.808080)
(-0.278820,23.144020,-29.761280)
(-0.557620,23.710520,-53.557140)
;116;148;176;
3
(-0.278820,23.144020,-29.761280)
(6.908480,20.727280,-22.808120)
(-0.557620,23.710520,-53.557140)
;229;117;29;
3
(89.475540,20.713080,-21.821780)
(-0.557620,23.710520,-53.557140)
(6.908480,20.727280,-22.808120)
;88;16;220;
3
(-0.557620,23.710520,-53.557140)
(89.475540,20.713080,-21.821780)
(92.820320,23.148780,-30.090300)
;242;218;70;
3
(-0.557620,23.710520,-53.557140)
(95.329100,23.539720,-41.717560)
(90.869060,23.705760,-53.228380)
;160;129;91;
3
(-0.557620,23.710520,-53.557140)
(92.820320,23.148780,-30.090300)
(95.329100,23.539720,-41.717560)
;203;92;127;
3
(-95.329300,24.676660,-40.714000)
(-90.869340,24.856800,-53.211400)
(-0.557620,24.861520,-53.540400)
;233;54;29;
3
(-94.214280,24.290380,-29.415500)
(-95.329300,24.676660,-40.714000)
(-0.557620,24.861520,-53.540400)
;2;116;73;
3
(-90.590660,21.859500,-21.475820)
(-94.214280,24.290380,-29.415500)
(-0.557620,24.861520,-53.540400)
;172;210;85;
3
(-7.865200,21.878460,-22.791540)
(-90.590660,21.859500,-21.475820)
(-0.557620,24.861520,-53.540400)
;247;11;26;
3
(-0.278820,24.295140,-29.744540)
(-7.865200,21.878460,-22.791540)
(-0.557620,24.861520,-53.540400)
;35;38;169;
3
(95.329100,24.690940,-41.701040)
(-0.557620,24.861520,-53.540400)
(90.869060,24.856800,-53.211860)
;163;91;64;
3
(-0.278820,24.295140,-29.744540)
(-0.557620,24.861520,-53.540400)
(6.908480,21.878460,-22.791580)
;53;185;51;
3
(6.908480,21.878460,-22.791580)
(-0.557620,24.861520,-53.540400)
(89.475540,21.864240,-21.805240)
;173;104;136;
3
(95.329100,24.690940,-41.701040)
(92.820320,24.299900,-30.073740)
(-0.557620,24.861520,-53.540400)
;213;42;225;
3
(-0.557620,24.861520,-53.540400)
(92.820320,24.299900,-30.073740)
(89.475540,21.864240,-21.805240)
;93;50;178;
3
(86.034140,-7.946940,-22.061420)
(86.034140,-9.094680,-22.151620)
(6.642780,-9.017320,-23.135220)
;90;229;10;
3
(6.642780,-7.869580,-23.044820)
(86.034140,-7.946940,-22.061420)
(6.642780,-9.017320,-23.135220)
;119;233;220;
3
(89.250320,-4.986920,-30.157020)
(89.250320,-6.134660,-30.247420)
(86.034140,-9.094680,-22.151620)
;181;235;93;
3
(86.034140,-7.946940,-22.061420)
(89.250320,-4.986920,-30.157020)
(86.034140,-9.094680,-22.151620)
;58;197;105;
3
(91.662500,-3.852320,-41.735640)
(91.662500,-5.000060,-41.825840)
(89.250320,-6.134660,-30.247420)
;152;147;108;
3
(89.250320,-4.986920,-30.157020)
(91.662500,-3.852320,-41.735640)
(89.250320,-6.134660,-30.247420)
;235;87;13;
3
(87.374260,-2.949860,-53.212020)
(87.374260,-4.097600,-53.302420)
(91.662500,-5.000060,-41.825840)
;223;154;135;
3
(91.662500,-3.852320,-41.735640)
(87.374260,-2.949860,-53.212020)
(91.662500,-5.000060,-41.825840)
;178;104;4;
3
(-0.536180,-2.924080,-53.539800)
(-0.536180,-4.071820,-53.630000)
(87.374260,-4.097600,-53.302420)
;230;213;162;
3
(87.374260,-2.949860,-53.212020)
(-0.536180,-2.924080,-53.539800)
(87.374260,-4.097600,-53.302420)
;188;198;164;
3
(-87.374540,-2.949860,-53.211580)
(-87.374540,-4.097600,-53.301780)
(-0.536180,-4.071820,-53.630000)
;141;95;119;
3
(-0.536180,-2.924080,-53.539800)
(-87.374540,-2.949860,-53.211580)
(-0.536180,-4.071820,-53.630000)
;214;143;195;
3
(-91.662700,-3.929680,-40.751360)
(-91.662700,-5.077420,-40.841560)
(-87.374540,-4.097600,-53.301780)
;20;33;42;
3
(-87.374540,-2.949860,-53.211580)
(-91.662700,-3.929680,-40.751360)
(-87.374540,-4.097600,-53.301780)
;4;212;169;
3
(-90.590680,-5.038480,-29.500780)
(-90.590680,-6.186220,-29.591180)
(-91.662700,-5.077420,-40.841560)
;24;1;17;
3
(-91.662700,-3.929680,-40.751360)
(-90.590680,-5.038480,-29.500780)
(-91.662700,-5.077420,-40.841560)
;187;174;141;
3
(-87.106260,-7.972720,-21.732980)
(-87.106260,-9.120460,-21.823380)
(-90.590680,-6.186220,-29.591180)
;96;28;115;
3
(-90.590680,-5.038480,-29.500780)
(-87.106260,-7.972720,-21.732980)
(-90.590680,-6.186220,-29.591180)
;207;32;202;
3
(-7.562680,-7.869580,-23.044780)
(-7.562680,-9.017320,-23.135180)
(-87.106260,-9.120460,-21.823380)
;47;214;93;
3
(-87.106260,-7.972720,-21.732980)
(-7.562680,-7.869580,-23.044780)
(-87.106260,-9.120460,-21.823380)
;41;83;69;
3
(-0.268100,-5.012700,-29.829000)
(-0.268100,-6.160440,-29.919200)
(-7.562680,-9.017320,-23.135180)
;89;168;215;
3
(-7.562680,-7.869580,-23.044780)
(-0.268100,-5.012700,-29.829000)
(-7.562680,-9.017320,-23.135180)
;234;13;204;
3
(6.642780,-7.869580,-23.044820)
(6.642780,-9.017320,-23.135220)
(-0.268100,-6.160440,-29.919200)
;85;237;38;
3
(-0.268100,-5.012700,-29.829000)
(6.642780,-7.869580,-23.044820)
(-0.268100,-6.160440,-29.919200)
;132;128;78;
3
(-87.374540,-4.097600,-53.301780)
(-91.662700,-5.077420,-40.841560)
(-0.536180,-4.071820,-53.630000)
;248;43;217;
3
(-91.662700,-5.077420,-40.841560)
(-90.590680,-6.186220,-29.591180)
(-0.536180,-4.071820,-53.630000)
;237;184;55;
3
(-90.590680,-6.186220,-29.591180)
(-87.106260,-9.120460,-21.823380)
(-0.536180,-4.071820,-53.630000)
;160;122;213;
3
(-87.106260,-9.120460,-21.823380)
(-7.562680,-9.017320,-23.135180)
(-0.536180,-4.071820,-53.630000)
;250;78;92;
3
(-7.562680,-9.017320,-23.135180)
(-0.268100,-6.160440,-29.919200)
(-0.536180,-4.071820,-53.630000)
;252;33;159;
3
(-0.268100,-6.160440,-29.919200)
(6.642780,-9.017320,-23.135220)
(-0.536180,-4.071820,-53.630000)
;133;54;60;
3
(86.034140,-9.094680,-22.151620)
(-0.536180,-4.071820,-53.630000)
(6.642780,-9.017320,-23.135220)
;176;129;142;
3
(-0.536180,-4.071820,-53.630000)
(86.034140,-9.094680,-22.151620)
(89.250320,-6.134660,-30.247420)
;238;191;125;
3
(-0.536180,-4.071820,-53.630000)
(91.662500,-5.000060,-41.825840)
(87.374260,-4.097600,-53.302420)
;133;228;177;
3
(-0.536180,-4.071820,-53.630000)
(89.250320,-6.134660,-30.247420)
(91.662500,-5.000060,-41.825840)
;7;18;233;
3
(-91.662700,-3.929680,-40.751360)
(-87.374540,-2.949860,-53.211580)
(-0.536180,-2.924080,-53.539800)
;236;198;139;
3
(-90.590680,-5.038480,-29.500780)
(-91.662700,-3.929680,-40.751360)
(-0.536180,-2.924080,-53.539800)
;163;226;102;
3
(-87.106260,-7.972720,-21.732980)
(-90.590680,-5.038480,-29.500780)
(-0.536180,-2.924080,-53.539800)
;244;185;243;
3
(-7.562680,-7.869580,-23.044780)
(-87.106260,-7.972720,-21.732980)
(-0.536180,-2.924080,-53.539800)
;50;6;144;
3
(-0.268100,-5.012700,-29.829000)
(-7.562680,-7.869580,-23.044780)
(-0.536180,-2.924080,-53.539800)
;4;244;185;
3
(91.662500,-3.852320,-41.735640)
(-0.536180,-2.924080,-53.539800)
(87.374260,-2.949860,-53.212020)
;44;45;2;
3
(-0.268100,-5.012700,-29.829000)
(-0.536180,-2.924080,-53.539800)
(6.642780,-7.869580,-23.044820)
;1;30;224;
3
(6.642780,-7.869580,-23.044820)
(-0.536180,-2.924080,-53.539800)
(86.034140,-7.946940,-22.061420)
;67;248;116;
3
(91.662500,-3.852320,-41.735640)
(89.250320,-4.986920,-30.157020)
(-0.536180,-2.924080,-53.539800)
;162;11;144;
3
(-0.536180,-2.924080,-53.539800)
(89.250320,-4.986920,-30.157020)
(86.034140,-7.946940,-22.061420)
;146;22;55;
3
(2.568860,-0.754480,67.429200)
(2.568860,-1.898380,67.299000)
(1.328280,-0.635400,56.205800)
;28;83;8;
3
(1.328280,0.508480,56.336000)
(2.568860,-0.754480,67.429200)
(1.328280,-0.635400,56.205800)
;62;55;181;
3
(7.944560,-1.690020,75.646380)
(7.944560,-2.833900,75.516180)
(2.568860,-1.898380,67.299000)
;114;14;55;
3
(2.568860,-0.754480,67.429200)
(7.944560,-1.690020,75.646380)
(2.568860,-1.898380,67.299000)
;70;242;251;
3
(23.941400,-1.736800,76.057140)
(23.941400,-2.880680,75.926940)
(7.944560,-2.833900,75.516180)
;9;38;204;
3
(7.944560,-1.690020,75.646380)
(23.941400,-1.736800,76.057140)
(7.944560,-2.833900,75.516180)
;122;246;126;
3
(30.971160,-0.707700,67.018120)
(30.971160,-1.851600,66.887920)
(23.941400,-2.880680,75.926940)
;85;237;216;
3
(23.941400,-1.736800,76.057140)
(30.971160,-0.707700,67.018120)
(23.941400,-2.880680,75.926940)
;202;18;151;
3
(31.384560,0.040720,60.444520)
(31.384560,-1.103160,60.314320)
(30.971160,-1.851600,66.887920)
;182;2;87;
3
(30.971160,-0.707700,67.018120)
(31.384560,0.040720,60.444520)
(30.971160,-1.851600,66.887920)
;110;8;108;
3
(26.422540,0.882700,53.048940)
(26.422540,-0.261180,52.918740)
(31.384560,-1.103160,60.314320)
;224;176;63;
3
(31.384560,0.040720,60.444520)
(26.422540,0.882700,53.048940)
(31.384560,-1.103160,60.314320)
;155;28;58;
3
(16.628260,1.771460,45.242760)
(16.628260,0.627560,45.112560)
(26.422540,-0.261180,52.918740)
;95;58;223;
3
(26.422540,0.882700,53.048940)
(16.628260,1.771460,45.242760)
(26.422540,-0.261180,52.918740)
;186;221;64;
3
(0.914720,2.847320,35.793000)
(0.914720,1.703420,35.662800)
(16.628260,0.627560,45.112560)
;27;228;185;
3
(16.628260,1.771460,45.242760)
(0.914720,2.847320,35.793000)
(16.628260,0.627560,45.112560)
;97;166;192;
3
(1.328280,0.508480,56.336000)
(1.328280,-0.635400,56.205800)
(0.914720,1.703420,35.662800)
;229;146;29;
3
(0.914720,2.847320,35.793000)
(1.328280,0.508480,56.336000)
(0.914720,1.703420,35.662800)
;120;188;200;
3
(0.914720,1.703420,35.662800)
(1.328280,-0.635400,56.205800)
(16.628260,0.627560,45.112560)
;119;74;43;
3
(16.628260,0.627560,45.112560)
(1.328280,-0.635400,56.205800)
(26.422540,-0.261180,52.918740)
;89;24;195;
3
(1.328280,-0.635400,56.205800)
(2.568860,-1.898380,67.299000)
(26.422540,-0.261180,52.918740)
;106;14;10;
3
(26.422540,-0.261180,52.918740)
(2.568860,-1.898380,67.299000)
(31.384560,-1.103160,60.314320)
;196;66;10;
3
(31.384560,-1.103160,60.314320)
(2.568860,-1.898380,67.299000)
(30.971160,-1.851600,66.887920)
;15;190;113;
3
(30.971160,-1.851600,66.887920)
(2.568860,-1.898380,67.299000)
(23.941400,-2.880680,75.926940)
;1;195;227;
3
(23.941400,-2.880680,75.926940)
(2.568860,-1.898380,67.299000)
(7.944560,-2.833900,75.516180)
;48;255;219;
3
(1.328280,0.508480,56.336000)
(0.914720,2.847320,35.793000)
(16.628260,1.771460,45.242760)
;137;26;178;
3
(1.328280,0.508480,56.336000)
(16.628260,1.771460,45.242760)
(26.422540,0.882700,53.048940)
;34;101;248;
3
(2.568860,-0.754480,67.429200)
(1.328280,0.508480,56.336000)
(26.422540,0.882700,53.048940)
;5;60;81;
3
(2.568860,-0.754480,67.429200)
(26.422540,0.882700,53.048940)
(31.384560,0.040720,60.444520)
;179;74;61;
3
(2.568860,-0.754480,67.429200)
(31.384560,0.040720,60.444520)
(30.971160,-0.707700,67.018120)
;141;253;190;
3
(2.568860,-0.754480,67.429200)
(30.971160,-0.707700,67.018120)
(23.941400,-1.736800,76.057140)
;208;25;158;
3
(2.568860,-0.754480,67.429200)
(23.941400,-1.736800,76.057140)
(7.944560,-1.690020,75.646380)
;105;254;161;
3
(-3.294580,-0.754480,67.429200)
(-2.054080,-0.635400,56.205800)
(-3.294580,-1.898380,67.299000)
;4;250;212;
3
(-2.054080,0.508480,56.336000)
(-2.054080,-0.635400,56.205800)
(-3.294580,-0.754480,67.429200)
;191;237;103;
3
(-8.670220,-1.690020,75.646420)
(-3.294580,-1.898380,67.299000)
(-8.670220,-2.833900,75.516220)
;20;25;201;
3
(-3.294580,-0.754480,67.429200)
(-3.294580,-1.898380,67.299000)
(-8.670220,-1.690020,75.646420)
;248;63;209;
3
(-24.667000,-1.736800,76.057260)
(-8.670220,-2.833900,75.516220)
(-24.667000,-2.880680,75.927060)
;104;8;242;
3
(-8.670220,-1.690020,75.646420)
(-8.670220,-2.833900,75.516220)
(-24.667000,-1.736800,76.057260)
;192;173;81;
3
(-31.696820,-0.707700,67.018480)
(-24.667000,-2.880680,75.927060)
(-31.696820,-1.851600,66.888080)
;2;236;197;
3
(-24.667000,-1.736800,76.057260)
(-24.667000,-2.880680,75.927060)
(-31.696820,-0.707700,67.018480)
;236;18;148;
3
(-32.110440,0.040720,60.444680)
(-31.696820,-1.851600,66.888080)
(-32.110440,-1.103160,60.314480)
;48;105;148;
3
(-31.696820,-0.707700,67.018480)
(-31.696820,-1.851600,66.888080)
(-32.110440,0.040720,60.444680)
;175;131;246;
3
(-27.148260,0.882700,53.049060)
(-32.110440,-1.103160,60.314480)
(-27.148260,-0.261180,52.918860)
;65;149;99;
3
(-32.110440,0.040720,60.444680)
(-32.110440,-1.103160,60.314480)
(-27.148260,0.882700,53.049060)
;221;189;227;
3
(-17.354100,1.771460,45.242840)
(-27.148260,-0.261180,52.918860)
(-17.354100,0.627560,45.112640)
;218;88;161;
3
(-27.148260,0.882700,53.049060)
(-27.148260,-0.261180,52.918860)
(-17.354100,1.771460,45.242840)
;56;49;79;
3
(-1.640600,2.847320,35.793000)
(-17.354100,0.627560,45.112640)
(-1.640600,1.703420,35.662800)
;202;253;206;
3
(-17.354100,1.771460,45.242840)
(-17.354100,0.627560,45.112640)
(-1.640600,2.847320,35.793000)
;239;92;197;
3
(-2.054080,0.508480,56.336000)
(-1.640600,1.703420,35.662800)
(-2.054080,-0.635400,56.205800)
;105;229;101;
3
(-1.640600,2.847320,35.793000)
(-1.640600,1.703420,35.662800)
(-2.054080,0.508480,56.336000)
;222;48;196;
3
(-1.640600,1.703420,35.662800)
(-17.354100,0.627560,45.112640)
(-2.054080,-0.635400,56.205800)
;226;156;175;
3
(-17.354100,0.627560,45.112640)
(-27.148260,-0.261180,52.918860)
(-2.054080,-0.635400,56.205800)
;54;182;94;
3
(-2.054080,-0.635400,56.205800)
(-27.148260,-0.261180,52.918860)
(-3.294580,-1.898380,67.299000)
;0;190;75;
3
(-27.148260,-0.261180,52.918860)
(-32.110440,-1.103160,60.314480)
(-3.294580,-1.898380,67.299000)
;135;47;86;
3
(-32.110440,-1.103160,60.314480)
(-31.696820,-1.851600,66.888080)
(-3.294580,-1.898380,67.299000)
;84;106;132;
3
(-31.696820,-1.851600,66.888080)
(-24.667000,-2.880680,75.927060)
(-3.294580,-1.898380,67.299000)
;108;95;54;
3
(-24.667000,-2.880680,75.927060)
(-8.670220,-2.833900,75.516220)
(-3.294580,-1.898380,67.299000)
;197;60;218;
3
(-2.054080,0.508480,56.336000)
(-17.354100,1.771460,45.242840)
(-1.640600,2.847320,35.793000)
;73;203;10;
3
(-2.054080,0.508480,56.336000)
(-27.148260,0.882700,53.049060)
(-17.354100,1.771460,45.242840)
;243;5;61;
3
(-3.294580,-0.754480,67.429200)
(-27.148260,0.882700,53.049060)
(-2.054080,0.508480,56.336000)
;215;14;202;
3
(-3.294580,-0.754480,67.429200)
(-32.110440,0.040720,60.444680)
(-27.148260,0.882700,53.049060)
;244;177;242;
3
(-3.294580,-0.754480,67.429200)
(-31.696820,-0.707700,67.018480)
(-32.110440,0.040720,60.444680)
;116;143;152;
3
(-3.294580,-0.754480,67.429200)
(-24.667000,-1.736800,76.057260)
(-31.696820,-0.707700,67.018480)
;79;34;24;
3
(-3.294580,-0.754480,67.429200)
(-8.670220,-1.690020,75.646420)
(-24.667000,-1.736800,76.057260)
;116;63;88;
3
(6.644520,-16.783140,-44.104820)
(9.336880,-15.659080,-44.105020)
(6.028960,-7.984960,-27.781020)
;66;239;71;
3
(3.336600,-9.109020,-27.781000)
(6.644520,-16.783140,-44.104820)
(6.028960,-7.984960,-27.781020)
;223;46;84;
3
(2.371740,-6.871440,-50.009600)
(5.064100,-5.747380,-50.009620)
(9.336880,-15.659080,-44.105020)
;182;57;190;
3
(6.644520,-16.783140,-44.104820)
(2.371740,-6.871440,-50.009600)
(9.336880,-15.659080,-44.105020)
;103;12;230;
3
(7.333680,-18.381880,-46.188820)
(10.026040,-17.257820,-46.188820)
(4.788420,-5.107960,-52.440820)
;116;27;28;
3
(2.096060,-6.232040,-52.440800)
(7.333680,-18.381880,-46.188820)
(4.788420,-5.107960,-52.440820)
;119;254;92;
3
(7.471520,-18.701500,-41.847220)
(10.163880,-17.577440,-41.847220)
(10.026040,-17.257820,-46.188820)
;110;107;157;
3
(7.333680,-18.381880,-46.188820)
(7.471520,-18.701500,-41.847220)
(10.026040,-17.257820,-46.188820)
;167;72;147;
3
(3.681200,-9.908260,-24.134200)
(6.373560,-8.784200,-24.134220)
(10.163880,-17.577440,-41.847220)
;62;179;68;
3
(7.471520,-18.701500,-41.847220)
(3.681200,-9.908260,-24.134200)
(10.163880,-17.577440,-41.847220)
;4;184;2;
3
(6.373560,-8.784200,-24.134220)
(6.028960,-7.984960,-27.781020)
(10.163880,-17.577440,-41.847220)
;48;182;135;
3
(6.028960,-7.984960,-27.781020)
(9.336880,-15.659080,-44.105020)
(10.163880,-17.577440,-41.847220)
;228;221;34;
3
(10.163880,-17.577440,-41.847220)
(9.336880,-15.659080,-44.105020)
(10.026040,-17.257820,-46.188820)
;97;221;86;
3
(4.788420,-5.107960,-52.440820)
(10.026040,-17.257820,-46.188820)
(5.064100,-5.747380,-50.009620)
;61;110;123;
3
(5.064100,-5.747380,-50.009620)
(10.026040,-17.257820,-46.188820)
(9.336880,-15.659080,-44.105020)
;231;92;140;
3
(3.336600,-9.109020,-27.781000)
(3.681200,-9.908260,-24.134200)
(7.471520,-18.701500,-41.847220)
;188;103;196;
3
(6.644520,-16.783140,-44.104820)
(3.336600,-9.109020,-27.781000)
(7.471520,-18.701500,-41.847220)
;255;242;47;
3
(6.644520,-16.783140,-44.104820)
(7.471520,-18.701500,-41.847220)
(7.333680,-18.381880,-46.188820)
;15;204;201;
3
(7.333680,-18.381880,-46.188820)
(2.096060,-6.232040,-52.440800)
(2.371740,-6.871440,-50.009600)
;169;144;19;
3
(7.333680,-18.381880,-46.188820)
(2.371740,-6.871440,-50.009600)
(6.644520,-16.783140,-44.104820)
;30;17;36;
3
(-7.002160,-16.783140,-44.104780)
(-6.386540,-7.984960,-27.780980)
(-9.694540,-15.659080,-44.104980)
;65;75;173;
3
(-3.694180,-9.109020,-27.781000)
(-6.386540,-7.984960,-27.780980)
(-7.002160,-16.783140,-44.104780)
;40;146;229;
3
(-2.729400,-6.871440,-50.009600)
(-9.694540,-15.659080,-44.104980)
(-5.421760,-5.747380,-50.009580)
;245;98;63;
3
(-7.002160,-16.783140,-44.104780)
(-9.694540,-15.659080,-44.104980)
(-2.729400,-6.871440,-50.009600)
;253;174;184;
3
(-7.691320,-18.381880,-46.188780)
(-5.146120,-5.107960,-52.440780)
(-10.383680,-17.257820,-46.188760)
;43;73;169;
3
(-2.453760,-6.232040,-52.440800)
(-5.146120,-5.107960,-52.440780)
(-7.691320,-18.381880,-46.188780)
;202;81;49;
3
(-7.829140,-18.701500,-41.847180)
(-10.383680,-17.257820,-46.188760)
(-10.521500,-17.577440,-41.847180)
;46;236;128;
3
(-7.691320,-18.381880,-46.188780)
(-10.383680,-17.257820,-46.188760)
(-7.829140,-18.701500,-41.847180)
;57;26;69;
3
(-4.038740,-9.908260,-24.134200)
(-10.521500,-17.577440,-41.847180)
(-6.731100,-8.784200,-24.134180)
;190;170;53;
3
(-7.829140,-18.701500,-41.847180)
(-10.521500,-17.577440,-41.847180)
(-4.038740,-9.908260,-24.134200)
;206;101;28;
3
(-6.731100,-8.784200,-24.134180)
(-10.521500,-17.577440,-41.847180)
(-6.386540,-7.984960,-27.780980)
;87;189;119;
3
(-6.386540,-7.984960,-27.780980)
(-10.521500,-17.577440,-41.847180)
(-9.694540,-15.659080,-44.104980)
;201;211;179;
3
(-10.521500,-17.577440,-41.847180)
(-10.383680,-17.257820,-46.188760)
(-9.694540,-15.659080,-44.104980)
;78;10;23;
3
(-5.146120,-5.107960,-52.440780)
(-5.421760,-5.747380,-50.009580)
(-10.383680,-17.257820,-46.188760)
;246;50;22;
3
(-5.421760,-5.747380,-50.009580)
(-9.694540,-15.659080,-44.104980)
(-10.383680,-17.257820,-46.188760)
;16;134;15;
3
(-3.694180,-9.109020,-27.781000)
(-7.829140,-18.701500,-41.847180)
(-4.038740,-9.908260,-24.134200)
;45;210;19;
3
(-7.002160,-16.783140,-44.104780)
(-7.829140,-18.701500,-41.847180)
(-3.694180,-9.109020,-27.781000)
;38;183;132;
3
(-7.002160,-16.783140,-44.104780)
(-7.691320,-18.381880,-46.188780)
(-7.829140,-18.701500,-41.847180)
;120;162;182;
3
(-7.691320,-18.381880,-46.188780)
(-2.729400,-6.871440,-50.009600)
(-2.453760,-6.232040,-52.440800)
;209;2;216;
3
(-7.691320,-18.381880,-46.188780)
(-7.002160,-16.783140,-44.104780)
(-2.729400,-6.871440,-50.009600)
;19;175;238;
3
(-9.543440,-15.682560,-44.909580)
(9.452680,-15.682560,-44.909620)
(9.452700,-17.519180,-41.728220)
;89;186;33;
3
(-9.543420,-17.519180,-41.728180)
(-9.543440,-15.682560,-44.909580)
(9.452700,-17.519180,-41.728220)
;198;222;41;
3
(-9.543440,-19.355980,-44.909380)
(9.452680,-19.355980,-44.909420)
(9.452680,-15.682560,-44.909620)
;101;42;166;
3
(-9.543440,-15.682560,-44.909580)
(-9.543440,-19.355980,-44.909380)
(9.452680,-15.682560,-44.909620)
;71;244;207;
3
(-9.543420,-17.519180,-41.728180)
(9.452700,-17.519180,-41.728220)
(9.452680,-19.355980,-44.909420)
;235;33;54;
3
(-9.543440,-19.355980,-44.909380)
(-9.543420,-17.519180,-41.728180)
(9.452680,-19.355980,-44.909420)
;162;75;221;
3
(9.452680,-15.682560,-44.909620)
(9.452680,-19.355980,-44.909420)
(9.452700,-17.519180,-41.728220)
;168;153;106;
3
(-9.543440,-19.355980,-44.909380)
(-9.543440,-15.682560,-44.909580)
(-9.543420,-17.519180,-41.728180)
;224;192;18;
3
(-0.564400,6.802500,-74.078200)
(10.011840,-5.640440,-77.831220)
(10.011840,-5.322460,-78.715420)
;32;145;52;
3
(-0.564400,6.802500,-74.078200)
(10.011840,-5.322460,-78.715420)
(-0.564400,7.189340,-74.850200)
;98;199;110;
3
(10.011840,-5.640440,-77.831220)
(14.082220,-6.798060,-78.325840)
(14.082220,-6.480080,-78.975640)
;132;61;79;
3
(10.011840,-5.640440,-77.831220)
(14.082220,-6.480080,-78.975640)
(10.011840,-5.322460,-78.715420)
;168;160;238;
3
(14.082220,-6.798060,-78.325840)
(15.459920,-4.541380,-77.224640)
(15.459920,-4.105660,-78.696640)
;34;12;105;
3
(14.082220,-6.798060,-78.325840)
(15.459920,-4.105660,-78.696640)
(14.082220,-6.480080,-78.975640)
;127;36;208;
3
(15.459920,-4.541380,-77.224640)
(13.483300,-0.862120,-76.135440)
(13.483280,-0.426380,-77.607440)
;40;63;24;
3
(15.459920,-4.541380,-77.224640)
(13.483280,-0.426380,-77.607440)
(15.459920,-4.105660,-78.696640)
;203;169;192;
3
(13.483300,-0.862120,-76.135440)
(0.840500,8.091720,-73.834000)
(0.840500,8.478540,-74.606200)
;217;255;1;
3
(13.483300,-0.862120,-76.135440)
(0.840500,8.478540,-74.606200)
(13.483280,-0.426380,-77.607440)
;100;228;189;
3
(0.840500,8.091720,-73.834000)
(-0.564400,6.802500,-74.078200)
(-0.564400,7.189340,-74.850200)
;139;51;184;
3
(0.840500,8.091720,-73.834000)
(-0.564400,7.189340,-74.850200)
(0.840500,8.478540,-74.606200)
;195;217;154;
3
(0.840500,8.091720,-73.834000)
(10.011840,-5.640440,-77.831220)
(-0.564400,6.802500,-74.078200)
;6;142;64;
3
(13.483300,-0.862120,-76.135440)
(10.011840,-5.640440,-77.831220)
(0.840500,8.091720,-73.834000)
;116;55;97;
3
(15.459920,-4.541380,-77.224640)
(10.011840,-5.640440,-77.831220)
(13.483300,-0.862120,-76.135440)
;32;131;50;
3
(15.459920,-4.541380,-77.224640)
(14.082220,-6.798060,-78.325840)
(10.011840,-5.640440,-77.831220)
;131;175;12;
3
(0.840500,8.478540,-74.606200)
(-0.564400,7.189340,-74.850200)
(10.011840,-5.322460,-78.715420)
;162;35;253;
3
(13.483280,-0.426380,-77.607440)
(0.840500,8.478540,-74.606200)
(10.011840,-5.322460,-78.715420)
;92;49;68;
3
(15.459920,-4.105660,-78.696640)
(13.483280,-0.426380,-77.607440)
(10.011840,-5.322460,-78.715420)
;218;24;179;
3
(15.459920,-4.105660,-78.696640)
(10.011840,-5.322460,-78.715420)
(14.082220,-6.480080,-78.975640)
;225;9;48;
3
(-15.310020,17.921120,-70.575160)
(-2.202700,8.139420,-73.825000)
(-15.310020,18.356840,-72.046960)
;117;52;97;
3
(-15.310020,18.356840,-72.046960)
(-2.202700,8.139420,-73.825000)
(-2.202700,8.526240,-74.597200)
;154;80;119;
3
(-16.750380,22.213200,-69.405960)
(-15.310020,17.921120,-70.575160)
(-16.750380,22.414000,-70.524760)
;99;74;237;
3
(-16.750380,22.414000,-70.524760)
(-15.310020,17.921120,-70.575160)
(-15.310020,18.356840,-72.046960)
;73;61;251;
3
(-14.445800,23.241000,-69.231960)
(-16.750380,22.213200,-69.405960)
(-14.445800,23.676200,-69.881760)
;249;84;225;
3
(-14.445800,23.676200,-69.881760)
(-16.750380,22.213200,-69.405960)
(-16.750380,22.414000,-70.524760)
;78;44;2;
3
(-10.556820,21.374000,-69.552980)
(-14.445800,23.241000,-69.231960)
(-10.556820,21.809600,-71.024980)
;151;10;182;
3
(-10.556820,21.809600,-71.024980)
(-14.445800,23.241000,-69.231960)
(-14.445800,23.676200,-69.881760)
;159;121;194;
3
(-0.906360,9.530700,-73.561800)
(-10.556820,21.374000,-69.552980)
(-0.906360,9.917520,-74.333800)
;112;124;121;
3
(-0.906360,9.917520,-74.333800)
(-10.556820,21.374000,-69.552980)
(-10.556820,21.809600,-71.024980)
;63;128;140;
3
(-2.202700,8.139420,-73.825000)
(-0.906360,9.530700,-73.561800)
(-2.202700,8.526240,-74.597200)
;71;77;224;
3
(-2.202700,8.526240,-74.597200)
(-0.906360,9.530700,-73.561800)
(-0.906360,9.917520,-74.333800)
;116;95;10;
3
(-15.310020,17.921120,-70.575160)
(-0.906360,9.530700,-73.561800)
(-2.202700,8.139420,-73.825000)
;67;154;42;
3
(-15.310020,17.921120,-70.575160)
(-10.556820,21.374000,-69.552980)
(-0.906360,9.530700,-73.561800)
;48;89;75;
3
(-15.310020,17.921120,-70.575160)
(-14.445800,23.241000,-69.231960)
(-10.556820,21.374000,-69.552980)
;43;187;90;
3
(-16.750380,22.213200,-69.405960)
(-14.445800,23.241000,-69.231960)
(-15.310020,17.921120,-70.575160)
;108;220;148;
3
(-2.202700,8.526240,-74.597200)
(-0.906360,9.917520,-74.333800)
(-15.310020,18.356840,-72.046960)
;157;90;181;
3
(-0.906360,9.917520,-74.333800)
(-10.556820,21.809600,-71.024980)
(-15.310020,18.356840,-72.046960)
;100;156;46;
3
(-10.556820,21.809600,-71.024980)
(-14.445800,23.676200,-69.881760)
(-15.310020,18.356840,-72.046960)
;39;152;135;
3
(-15.310020,18.356840,-72.046960)
(-14.445800,23.676200,-69.881760)
(-16.750380,22.414000,-70.524760)
;238;72;168;
3
(-0.824780,9.363940,-69.296200)
(-2.828780,7.394060,-69.988580)
(-0.824800,11.500880,-76.076400)
;72;51;152;
3
(-0.824800,11.500880,-76.076400)
(-2.828780,7.394060,-69.988580)
(-2.828800,9.549760,-76.820200)
;110;189;72;
3
(1.179220,7.394060,-69.988600)
(-0.824780,9.363940,-69.296200)
(1.179200,9.549760,-76.820200)
;194;241;222;
3
(1.179200,9.549760,-76.820200)
(-0.824780,9.363940,-69.296200)
(-0.824800,11.500880,-76.076400)
;14;195;161;
3
(-0.824780,5.424160,-70.681000)
(1.179220,7.394060,-69.988600)
(-0.824800,7.598660,-77.564000)
;199;181;73;
3
(-0.824800,7.598660,-77.564000)
(1.179220,7.394060,-69.988600)
(1.179200,9.549760,-76.820200)
;62;188;128;
3
(-2.828780,7.394060,-69.988580)
(-0.824780,5.424160,-70.681000)
(-2.828800,9.549760,-76.820200)
;226;11;194;
3
(-2.828800,9.549760,-76.820200)
(-0.824780,5.424160,-70.681000)
(-0.824800,7.598660,-77.564000)
;183;206;185;
3
(-0.824780,5.424160,-70.681000)
(-0.824780,9.363940,-69.296200)
(1.179220,7.394060,-69.988600)
;179;17;177;
3
(-0.824780,5.424160,-70.681000)
(-2.828780,7.394060,-69.988580)
(-0.824780,9.363940,-69.296200)
;105;100;118;
3
(1.179200,9.549760,-76.820200)
(-0.824800,11.500880,-76.076400)
(-0.824800,7.598660,-77.564000)
;205;8;163;
3
(-0.824800,11.500880,-76.076400)
(-2.828800,9.549760,-76.820200)
(-0.824800,7.598660,-77.564000)
;28;40;21;
3
(-1.222500,2.026760,60.743800)
(0.312540,2.026760,60.743800)
(0.312520,0.811180,56.186000)
;90;233;235;
3
(-1.222520,0.811180,56.186000)
(-1.222500,2.026760,60.743800)
(0.312520,0.811180,56.186000)
;183;191;184;
3
(-1.222500,-10.431660,61.048000)
(0.312540,-10.431660,61.048000)
(0.312540,2.026760,60.743800)
;92;218;85;
3
(-1.222500,2.026760,60.743800)
(-1.222500,-10.431660,61.048000)
(0.312540,2.026760,60.743800)
;96;234;19;
3
(-1.222500,-8.608340,66.821400)
(0.312540,-8.608340,66.821400)
(0.312540,-10.431660,61.048000)
;149;89;62;
3
(-1.222500,-10.431660,61.048000)
(-1.222500,-8.608340,66.821400)
(0.312540,-10.431660,61.048000)
;242;220;37;
3
(-1.222460,-1.315380,75.025600)
(0.312580,-1.315380,75.025600)
(0.312540,-8.608340,66.821400)
;128;109;175;
3
(-1.222500,-8.608340,66.821400)
(-1.222460,-1.315380,75.025600)
(0.312540,-8.608340,66.821400)
;131;229;210;
3
(-1.222460,5.977460,78.975600)
(0.312580,5.977460,78.975600)
(0.312580,-1.315380,75.025600)
;233;69;87;
3
(-1.222460,-1.315380,75.025600)
(-1.222460,5.977460,78.975600)
(0.312580,-1.315380,75.025600)
;236;196;160;
3
(-1.222460,13.574040,78.063800)
(0.312580,13.574040,78.063800)
(0.312580,5.977460,78.975600)
;250;15;103;
3
(-1.222460,5.977460,78.975600)
(-1.222460,13.574040,78.063800)
(0.312580,5.977460,78.975600)
;143;59;2;
3
(-1.222480,19.043480,73.201800)
(0.312560,19.043480,73.201800)
(0.312580,13.574040,78.063800)
;225;228;202;
3
(-1.222460,13.574040,78.063800)
(-1.222480,19.043480,73.201800)
(0.312580,13.574040,78.063800)
;209;185;249;
3
(-1.222500,19.347160,66.820800)
(0.312540,19.347160,66.820800)
(0.312560,19.043480,73.201800)
;86;34;45;
3
(-1.222480,19.043480,73.201800)
(-1.222500,19.347160,66.820800)
(0.312560,19.043480,73.201800)
;3;60;238;
3
(-1.222500,16.916100,61.047400)
(0.312540,16.916100,61.047400)
(0.312540,19.347160,66.820800)
;170;141;203;
3
(-1.222500,19.347160,66.820800)
(-1.222500,16.916100,61.047400)
(0.312540,19.347160,66.820800)
;174;177;23;
3
(-1.222560,1.722360,40.992800)
(0.312480,1.722360,40.992800)
(0.312540,16.916100,61.047400)
;41;5;5;
3
(-1.222500,16.916100,61.047400)
(-1.222560,1.722360,40.992800)
(0.312540,16.916100,61.047400)
;127;130;198;
3
(-1.222520,0.811180,56.186000)
(0.312520,0.811180,56.186000)
(0.312480,1.722360,40.992800)
;239;192;40;
3
(-1.222560,1.722360,40.992800)
(-1.222520,0.811180,56.186000)
(0.312480,1.722360,40.992800)
;66;18;106;
3
(0.312480,1.722360,40.992800)
(0.312520,0.811180,56.186000)
(0.312540,16.916100,61.047400)
;139;63;233;
3
(0.312520,0.811180,56.186000)
(0.312540,2.026760,60.743800)
(0.312540,16.916100,61.047400)
;177;79;49;
3
(0.312540,-10.431660,61.048000)
(0.312540,-8.608340,66.821400)
(0.312540,2.026760,60.743800)
;247;119;138;
3
(0.312540,-8.608340,66.821400)
(0.312580,-1.315380,75.025600)
(0.312540,2.026760,60.743800)
;4;174;144;
3
(0.312540,2.026760,60.743800)
(0.312580,-1.315380,75.025600)
(0.312540,16.916100,61.047400)
;214;237;159;
3
(0.312580,-1.315380,75.025600)
(0.312580,5.977460,78.975600)
(0.312540,16.916100,61.047400)
;127;38;18;
3
(0.312580,5.977460,78.975600)
(0.312580,13.574040,78.063800)
(0.312540,16.916100,61.047400)
;252;174;236;
3
(0.312540,16.916100,61.047400)
(0.312580,13.574040,78.063800)
(0.312540,19.347160,66.820800)
;116;1;69;
3
(0.312580,13.574040,78.063800)
(0.312560,19.043480,73.201800)
(0.312540,19.347160,66.820800)
;159;109;215;
3
(-1.222520,0.811180,56.186000)
(-1.222560,1.722360,40.992800)
(-1.222500,16.916100,61.047400)
;117;167;154;
3
(-1.222500,2.026760,60.743800)
(-1.222520,0.811180,56.186000)
(-1.222500,16.916100,61.047400)
;205;48;90;
3
(-1.222500,-8.608340,66.821400)
(-1.222500,-10.431660,61.048000)
(-1.222500,2.026760,60.743800)
;165;169;144;
3
(-1.222460,-1.315380,75.025600)
(-1.222500,-8.608340,66.821400)
(-1.222500,2.026760,60.743800)
;244;75;135;
3
(-1.222460,-1.315380,75.025600)
(-1.222500,2.026760,60.743800)
(-1.222500,16.916100,61.047400)
;112;175;142;
3
(-1.222460,5.977460,78.975600)
(-1.222460,-1.315380,75.025600)
(-1.222500,16.916100,61.047400)
;166;163;238;
3
(-1.222460,13.574040,78.063800)
(-1.222460,5.977460,78.975600)
(-1.222500,16.916100,61.047400)
;10;37;42;
3
(-1.222460,13.574040,78.063800)
(-1.222500,16.916100,61.047400)
(-1.222500,19.347160,66.820800)
;216;107;139;
3
(-1.222480,19.043480,73.201800)
(-1.222460,13.574040,78.063800)
(-1.222500,19.347160,66.820800)
;139;176;217;
3
(-15.381300,-12.059620,-40.495760)
(-9.816780,-12.059620,-40.495780)
(-9.816780,-17.867740,-37.142380)
;78;214;8;
3
(-15.381300,-17.867740,-37.142360)
(-15.381300,-12.059620,-40.495760)
(-9.816780,-17.867740,-37.142380)
;129;209;50;
3
(-15.381320,-12.059800,-47.202560)
(-9.816800,-12.059800,-47.202580)
(-9.816780,-12.059620,-40.495780)
;251;119;119;
3
(-15.381300,-12.059620,-40.495760)
(-15.381320,-12.059800,-47.202560)
(-9.816780,-12.059620,-40.495780)
;73;77;84;
3
(-15.381320,-17.868080,-50.555760)
(-9.816800,-17.868080,-50.555780)
(-9.816800,-12.059800,-47.202580)
;114;73;205;
3
(-15.381320,-12.059800,-47.202560)
(-15.381320,-17.868080,-50.555760)
(-9.816800,-12.059800,-47.202580)
;157;33;14;
3
(-15.381320,-23.676200,-47.202160)
(-9.816800,-23.676200,-47.202180)
(-9.816800,-17.868080,-50.555780)
;190;139;191;
3
(-15.381320,-17.868080,-50.555760)
(-15.381320,-23.676200,-47.202160)
(-9.816800,-17.868080,-50.555780)
;4;57;211;
3
(-15.381300,-23.676000,-40.495560)
(-9.816780,-23.676000,-40.495580)
(-9.816800,-23.676200,-47.202180)
;64;253;225;
3
(-15.381320,-23.676200,-47.202160)
(-15.381300,-23.676000,-40.495560)
(-9.816800,-23.676200,-47.202180)
;55;29;164;
3
(-15.381300,-17.867740,-37.142360)
(-9.816780,-17.867740,-37.142380)
(-9.816780,-23.676000,-40.495580)
;101;31;10;
3
(-15.381300,-23.676000,-40.495560)
(-15.381300,-17.867740,-37.142360)
(-9.816780,-23.676000,-40.495580)
;149;80;116;
3
(-9.816780,-12.059620,-40.495780)
(-9.816800,-12.059800,-47.202580)
(-9.816780,-17.867740,-37.142380)
;71;125;104;
3
(-9.816800,-12.059800,-47.202580)
(-9.816800,-17.868080,-50.555780)
(-9.816780,-17.867740,-37.142380)
;54;29;186;
3
(-9.816800,-17.868080,-50.555780)
(-9.816800,-23.676200,-47.202180)
(-9.816780,-17.867740,-37.142380)
;158;52;210;
3
(-9.816800,-23.676200,-47.202180)
(-9.816780,-23.676000,-40.495580)
(-9.816780,-17.867740,-37.142380)
;68;246;35;
3
(-15.381320,-12.059800,-47.202560)
(-15.381300,-12.059620,-40.495760)
(-15.381300,-17.867740,-37.142360)
;142;44;57;
3
(-15.381320,-17.868080,-50.555760)
(-15.381320,-12.059800,-47.202560)
(-15.381300,-17.867740,-37.142360)
;157;196;169;
3
(-15.381320,-23.676200,-47.202160)
(-15.381320,-17.868080,-50.555760)
(-15.381300,-17.867740,-37.142360)
;50;193;64;
3
(-15.381300,-23.676000,-40.495560)
(-15.381320,-23.676200,-47.202160)
(-15.381300,-17.867740,-37.142360)
;242;175;113;
3
(8.239280,-12.059620,-40.495820)
(13.803800,-12.059620,-40.495840)
(13.803800,-17.867740,-37.142440)
;242;208;100;
3
(8.239280,-17.867740,-37.142420)
(8.239280,-12.059620,-40.495820)
(13.803800,-17.867740,-37.142440)
;214;65;72;
3
(8.239260,-12.059800,-47.202620)
(13.803780,-12.059800,-47.202640)
(13.803800,-12.059620,-40.495840)
;9;95;70;
3
(8.239280,-12.059620,-40.495820)
(8.239260,-12.059800,-47.202620)
(13.803800,-12.059620,-40.495840)
;132;255;150;
3
(8.239260,-17.868080,-50.555820)
(13.803780,-17.868080,-50.555840)
(13.803780,-12.059800,-47.202640)
;197;95;230;
3
(8.239260,-12.059800,-47.202620)
(8.239260,-17.868080,-50.555820)
(13.803780,-12.059800,-47.202640)
;62;197;23;
3
(8.239260,-23.676200,-47.202220)
(13.803780,-23.676200,-47.202240)
(13.803780,-17.868080,-50.555840)
;99;51;252;
3
(8.239260,-17.868080,-50.555820)
(8.239260,-23.676200,-47.202220)
(13.803780,-17.868080,-50.555840)
;146;132;195;
3
(8.239280,-23.676000,-40.495620)
(13.803800,-23.676000,-40.495640)
(13.803780,-23.676200,-47.202240)
;163;8;171;
3
(8.239260,-23.676200,-47.202220)
(8.239280,-23.676000,-40.495620)
(13.803780,-23.676200,-47.202240)
;240;63;170;
3
(8.239280,-17.867740,-37.142420)
(13.803800,-17.867740,-37.142440)
(13.803800,-23.676000,-40.495640)
;85;28;63;
3
(8.239280,-23.676000,-40.495620)
(8.239280,-17.867740,-37.142420)
(13.803800,-23.676000,-40.495640)
;79;81;173;
3
(13.803800,-12.059620,-40.495840)
(13.803780,-12.059800,-47.202640)
(13.803800,-17.867740,-37.142440)
;150;133;196;
3
(13.803780,-12.059800,-47.202640)
(13.803780,-17.868080,-50.555840)
(13.803800,-17.867740,-37.142440)
;213;94;88;
3
(13.803780,-17.868080,-50.555840)
(13.803780,-23.676200,-47.202240)
(13.803800,-17.867740,-37.142440)
;129;30;136;
3
(13.803780,-23.676200,-47.202240)
(13.803800,-23.676000,-40.495640)
(13.803800,-17.867740,-37.142440)
;187;140;86;
3
(8.239260,-12.059800,-47.202620)
(8.239280,-12.059620,-40.495820)
(8.239280,-17.867740,-37.142420)
;109;159;233;
3
(8.239260,-17.868080,-50.555820)
(8.239260,-12.059800,-47.202620)
(8.239280,-17.867740,-37.142420)
;235;200;37;
3
(8.239260,-23.676200,-47.202220)
(8.239260,-17.868080,-50.555820)
(8.239280,-17.867740,-37.142420)
;25;13;9;
3
(8.239280,-23.676000,-40.495620)
(8.239260,-23.676200,-47.202220)
(8.239280,-17.867740,-37.142420)
