32;0;128;128;
4
(0,0,0)
(0,-15,0)
(20,-15,15)
(20,0,15)
;0;0;128;
4
(-20,0,15)
(-20,-15,15)
(0,-15,0)
(0,0,0)
;0;0;0;
0
;255;255;255;
6
(20,-15,15)
(20,-15,30)
(0,-15,15)
(-20,-15,30)
(-20,-15,15)
(0,-15,0)
;128;128;128;
4
(20,-15,15)
(20,0,15)
(20,0,30)
(20,-15,30)
;192;192;192;
4
(-20,-15,30)
(-20,-15,15)
(-20,0,15)
(-20,0,30)
;0;0;0;
0
;0;0;160;
5
(0,-15,15)
(15,-15,25)
(15,-15,70)
(-15,-15,70)
(-15,-15,25)
;0;64;128;
4
(15,-15,20)
(15,0,20)
(15,0,70)
(15,-15,70)
;0;0;255;
4
(-15,-15,70)
(-15,0,70)
(-15,0,20)
(-15,-15,20)
;0;0;0;
4
(-15,-15,70)
(-15,0,70)
(15,0,70)
(15,-15,70)
;0;255;0;
3
(-15,-15,25)
(-15,-15,35)
(-40,0,60)
;0;128;0;
3
(-40,0,60)
(-15,0,60)
(-15,0,25)
;0;128;0;
3
(-15,0,25)
(-15,-15,25)
(-40,0,60)
;0;255;0;
3
(15,-15,25)
(15,-15,35)
(40,0,60)
;0;128;0;
3
(40,0,60)
(15,0,60)
(15,0,25)
;0;128;0;
3
(15,0,25)
(15,-15,25)
(40,0,60)
;0;0;0;
0
;192;192;192;
4
(20,-5,15)
(20,-15,15)
(35,-15,15)
(35,-5,15)
;128;128;128;
4
(35,-15,15)
(35,-15,30)
(20,-15,30)
(20,-15,15)
;128;128;0;
4
(35,-15,30)
(35,-5,30)
(35,-5,-30)
(35,-15,-30)
;176;176;0;
3
(35,-15,-30)
(50,-15,0)
(35,-15,30)
;0;0;0;
0
;94;94;0;
4
(50,-5,0)
(50,-15,0)
(35,-15,30)
(35,-5,30)
;121;121;0;
4
(50,-5,0)
(50,-15,0)
(35,-15,-30)
(35,-5,-30)
;128;128;0;
4
(-35,-15,30)
(-35,-5,30)
(-35,-5,-30)
(-35,-15,-30)
;176;176;0;
3
(-35,-15,-30)
(-50,-15,0)
(-35,-15,30)
;0;0;0;
0
;94;94;0;
4
(-50,-5,0)
(-50,-15,0)
(-35,-15,30)
(-35,-5,30)
;121;121;0;
4
(-50,-5,0)
(-50,-15,0)
(-35,-15,-30)
(-35,-5,-30)
;192;192;192;
4
(-20,-5,15)
(-20,-15,15)
(-35,-15,15)
(-35,-5,15)
;128;128;128;
4
(-35,-15,15)
(-35,-15,30)
(-20,-15,30)
(-20,-15,15)

;0;0;0;
0
