35;0;128;64;
4
(-100,0,-100)
(-100,0,100)
(100,0,100)
(100,0,-100)
;0;255;0;
4
(-80,-20,80)
(-80,-40,80)
(80,-40,80)
(80,-20,80)
;0;128;0;
4
(80,-20,80)
(80,-40,80)
(80,-40,-80)
(80,-20,-80)
;0;255;0;
4
(80,-20,-80)
(80,-40,-80)
(-80,-40,-80)
(-80,-20,-80)
;0;128;0;
4
(-80,-20,-80)
(-80,-40,-80)
(-80,-40,80)
(-80,-20,80)
;0;128;128;
4
(-80,-20,80)
(-80,-20,-80)
(80,-20,-80)
(80,-20,80)
;255;255;255;
4
(100,0,100)
(100,-40,100)
(-100,-40,100)
(-100,0,100)
;0;255;255;
4
(-100,0,100)
(-100,-40,100)
(-100,-40,-100)
(-100,0,-100)
;255;255;255;
4
(-100,0,-100)
(-100,-40,-100)
(100,-40,-100)
(100,0,-100)
;0;255;255;
4
(100,0,-100)
(100,-40,-100)
(100,-40,100)
(100,0,100)
;192;192;192;
4
(100,-40,-100)
(80,-40,-100)
(80,-40,100)
(100,-40,100)
;192;192;192;
4
(100,-40,100)
(100,-40,80)
(-100,-40,80)
(-100,-40,100)
;192;192;192;
4
(-100,-40,100)
(-100,-40,-100)
(-80,-40,-100)
(-80,-40,100)
;192;192;192;
4
(-100,-40,-100)
(-100,-40,-80)
(100,-40,-80)
(100,-40,-100)
;255;128;255;
4
(-10,-20,-10)
(10,-20,-10)
(10,-100,-10)
(-10,-100,-10)
;255;0;128;
4
(-10,-100,-10)
(-10,-100,10)
(-10,-20,10)
(-10,-20,-10)
;255;0;128;
4
(10,-20,-10)
(10,-20,10)
(10,-100,10)
(10,-100,-10)
;255;128;255;
4
(10,-100,10)
(-10,-100,10)
(-10,-20,10)
(10,-20,10)
;255;255;255;
4
(10,-100,10)
(10,-100,-10)
(-10,-100,-10)
(-10,-100,10)
;255;128;64;
4
(10,-90,-10)
(30,-90,-10)
(30,-90,10)
(10,-90,10)
;255;128;64;
4
(10,-90,10)
(30,-90,10)
(30,-70,10)
(10,-70,10)
;255;128;0;
4
(10,-70,10)
(10,-70,-10)
(30,-70,-10)
(30,-70,10)
;255;128;0;
4
(30,-70,-10)
(30,-90,-10)
(10,-90,-10)
(10,-70,-10)
;255;128;0;
4
(-10,-70,-10)
(-10,-90,-10)
(-30,-90,-10)
(-30,-70,-10)
;255;128;0;
4
(-30,-70,-10)
(-30,-70,10)
(-10,-70,10)
(-10,-70,-10)
;255;128;0;
4
(-10,-70,10)
(-10,-90,10)
(-30,-90,10)
(-30,-70,10)
;255;128;0;
4
(-30,-90,10)
(-30,-90,-10)
(-10,-90,-10)
(-10,-90,10)
;255;128;0;
4
(-10,-90,-10)
(-10,-90,-30)
(10,-90,-30)
(10,-90,-10)
;255;128;0;
4
(10,-90,-10)
(10,-90,-30)
(10,-70,-30)
(10,-70,-10)
;255;128;0;
4
(10,-70,-10)
(-10,-70,-10)
(-10,-70,-30)
(10,-70,-30)
;255;128;0;
4
(-10,-70,-30)
(-10,-70,-10)
(-10,-90,-10)
(-10,-90,-30)
;255;128;0;
4
(-10,-90,10)
(-10,-90,30)
(10,-90,30)
(10,-90,10)
;255;128;0;
4
(10,-90,10)
(10,-90,30)
(10,-70,30)
(10,-70,10)
;255;128;0;
4
(10,-70,10)
(-10,-70,10)
(-10,-70,30)
(10,-70,30)
;255;128;0;
4
(-10,-70,30)
(-10,-70,10)
(-10,-90,10)
(-10,-90,30)
