33;192;192;192;
4
(40,0,-50)
(50,0,-50)
(50,0,50)
(40,0,50)
;128;128;255;
4
(50,0,50)
(50,-20,50)
(50,-20,-50)
(50,0,-50)
;0;0;255;
4
(40,0,-50)
(40,-20,-50)
(40,-20,50)
(40,0,50)
;0;128;192;
4
(40,-20,50)
(50,-20,50)
(50,-20,-50)
(40,-20,-50)
;192;192;192;
4
(-40,0,-50)
(-50,0,-50)
(-50,0,50)
(-40,0,50)
;128;128;255;
4
(-50,0,50)
(-50,-20,50)
(-50,-20,-50)
(-50,0,-50)
;0;0;255;
4
(-40,0,-50)
(-40,-20,-50)
(-40,-20,50)
(-40,0,50)
;0;128;192;
4
(-40,-20,50)
(-50,-20,50)
(-50,-20,-50)
(-40,-20,-50)
;128;128;128;
4
(-40,-5,-35)
(-40,-15,-35)
(40,-15,-35)
(40,-5,-35)
;128;128;128;
4
(-40,-5,35)
(-40,-15,35)
(40,-15,35)
(40,-5,35)
;0;0;0;
0
;192;192;192;
4
(40,-15,-35)
(-40,-15,-35)
(-40,-15,35)
(40,-15,35)
;0;128;0;
4
(-10,-15,-10)
(-10,-60,-10)
(10,-60,-10)
(10,-15,-10)
;0;221;0;
4
(10,-15,-10)
(10,-15,10)
(10,-60,10)
(10,-60,-10)
;0;128;0;
4
(-10,-60,-10)
(-10,-15,-10)
(-10,-15,10)
(-10,-60,10)
;0;128;64;
4
(-10,-60,10)
(10,-60,10)
(10,-15,10)
(-10,-15,10)
;0;0;0;
0
;255;255;255;
4
(-15,-45,-35)
(15,-45,-35)
(15,-75,-35)
(-15,-75,-35)
;128;128;255;
4
(-15,-75,-35)
(15,-75,-35)
(15,-90,20)
(-15,-90,20)
;0;0;255;
4
(-15,-90,20)
(-15,-65,20)
(-15,-45,-35)
(-15,-75,-35)
;0;0;255;
4
(15,-90,20)
(15,-65,20)
(15,-45,-35)
(15,-75,-35)
;0;0;0;
0
;255;255;255;
3
(-10,-80,-35)
(10,-80,-35)
(0,-90,-35)
;0;200;100;
4
(10,-80,-35)
(20,-90,20)
(0,-110,20)
(0,-90,-35)
;0;128;64;
4
(-10,-80,-35)
(-20,-90,20)
(0,-110,20)
(0,-90,-35)
;255;255;255;
3
(20,-70,-35)
(20,-50,-35)
(30,-60,-35)
;0;255;64;
4
(20,-70,-35)
(20,-90,20)
(40,-80,20)
(30,-60,-35)
;0;128;64;
4
(40,-80,20)
(20,-60,20)
(20,-50,-35)
(30,-60,-35)
;255;255;255;
3
(-20,-70,-35)
(-20,-50,-35)
(-30,-60,-35)
;0;255;64;
4
(-20,-70,-35)
(-20,-90,20)
(-40,-80,20)
(-30,-60,-35)
;0;128;64;
4
(-40,-80,20)
(-20,-60,20)
(-20,-50,-35)
(-30,-60,-35)
;0;0;0;
4
(-5,-65,-40)
(-5,-55,-40)
(5,-55,-40)
(5,-65,-40)
;0;0;0;
0
